Test Report 


Serial Number: A-AB2
Build Config: G.02
ESP Firmware Version: 1.3.0-d
STM Firmware Version: B0.2.4s
Technician ID: JW
Mac Address: 78:21:84:43:e4:8c
Hardware ID: 265b56b2-48cf-5e81-8c34-dd8ceaba982f
Board Version: 5.5


System Fluorimeter Test:

Lowering lifter...
Heating PCR to 30°C...
Blue LED Stabilized

Ch415,Ch445,Ch480,Ch515,Ch555,Ch590,Ch630,Ch680
34,921,446,25,41,54,96,51
34,917,444,25,41,54,96,51
34,914,442,25,40,54,95,51
34,913,441,25,40,54,95,51
34,915,442,25,40,54,96,51
Failed. Difference = 5
34,910,439,25,40,54,95,51
34,909,438,25,40,54,95,51
34,908,438,25,40,54,95,51
34,911,439,25,40,54,95,51
34,907,437,25,40,54,95,51
34,906,437,25,40,54,95,51
34,910,438,25,40,54,95,51
Failed. Difference = 5
34,905,436,25,40,54,95,51
34,904,435,25,40,54,95,51
34,904,435,25,40,54,95,51
34,903,434,25,40,54,95,51
34,902,434,25,40,54,95,51
34,901,434,25,40,54,95,51
34,902,434,25,40,54,95,51
34,901,433,25,40,54,95,51
34,905,435,25,40,54,95,51
34,901,433,25,40,54,95,50
34,900,433,25,40,54,95,51
34,903,434,25,40,54,95,51
34,900,433,25,40,54,95,50
34,899,432,25,40,54,94,50
34,903,434,25,40,54,95,51
34,899,432,25,40,54,94,50
34,899,432,25,40,54,94,50
34,902,434,25,40,54,95,51

Failed test

Comments:
