Test Report 


Serial Number: A-AB2
Build Config: G.02
ESP Firmware Version: 1.3.0-d
STM Firmware Version: B0.2.4s
Technician ID: JW
Mac Address: 78:21:84:43:e4:8c
Hardware ID: 265b56b2-48cf-5e81-8c34-dd8ceaba982f
Board Version: 5.5


System Fluorimeter Test:

Lowering lifter...
Heating PCR to 30°C...
Blue LED Stabilized

Ch415,Ch445,Ch480,Ch515,Ch555,Ch590,Ch630,Ch680
34,917,442,25,40,54,96,51
Failed. Difference = 6
34,911,439,25,40,53,95,51
33,907,437,25,40,53,95,51
34,910,438,25,40,53,95,51
34,909,437,25,40,53,95,51
Failed. Difference = 5
33,904,435,25,40,53,95,51
34,903,434,25,40,53,94,50
33,902,433,25,40,53,94,50
33,901,433,25,40,53,94,50
33,901,433,25,40,53,94,50
33,899,432,25,40,53,94,50
33,899,431,25,40,53,94,50
33,898,431,25,40,53,94,50
34,902,433,25,40,53,94,50
33,898,431,25,40,53,94,50
33,898,431,25,40,53,94,50
33,897,430,25,40,53,94,50
34,901,432,25,40,53,94,50
Failed. Difference = 5
33,896,430,25,40,53,94,50
33,900,431,25,40,53,94,50
33,897,430,25,40,53,94,50
33,896,430,25,40,53,94,50
33,896,429,25,40,53,94,50
33,899,431,25,40,53,94,50
33,896,429,25,40,53,94,50
33,895,429,25,40,53,94,50
33,898,430,25,40,53,94,50
33,894,428,25,40,53,94,50
33,894,428,25,40,53,94,50
33,893,428,25,40,53,94,50

Failed test

Comments:
