Test Report 


Serial Number: A-AB2
Build Config: G.02
ESP Firmware Version: 1.3.0-d
STM Firmware Version: B0.2.4s
Technician ID: jw
Mac Address: 78:21:84:43:e4:8c
Hardware ID: 265b56b2-48cf-5e81-8c34-dd8ceaba982f
Board Version: 5.5


System Fluorimeter Test:

Lowering lifter...
Heating PCR to 30°C...
Blue LED Stabilized

Ch415,Ch445,Ch480,Ch515,Ch555,Ch590,Ch630,Ch680
46,1219,371,27,42,52,78,52
46,1215,369,27,42,52,78,52
46,1211,368,27,42,52,78,52
46,1209,367,27,42,52,78,52
46,1208,367,27,42,52,78,52
46,1206,366,27,42,52,78,52
46,1204,365,27,42,52,78,52
46,1204,365,27,42,52,78,52
46,1203,365,27,42,52,78,52
46,1202,364,27,42,52,77,52
46,1201,364,27,42,52,77,52
Failed. Difference = 5
46,1206,366,27,42,52,78,52
Failed. Difference = 6
46,1200,364,27,42,52,77,52
46,1200,363,27,42,52,77,52
46,1199,363,27,42,52,77,52
46,1199,363,27,42,52,77,52
46,1198,363,27,42,52,77,52
46,1202,364,27,42,52,78,52
46,1198,363,27,42,52,77,52
46,1197,362,27,42,52,77,52
46,1197,362,27,42,52,77,52
46,1195,362,27,42,52,77,52
46,1196,362,27,42,52,77,52
46,1195,361,27,42,52,77,52
46,1194,361,27,42,52,77,52
46,1194,361,27,42,52,77,52
Failed. Difference = 5
46,1199,363,27,42,52,77,52
Failed. Difference = 6
46,1193,361,27,42,52,77,52
46,1193,361,27,42,52,77,52
46,1193,361,27,42,52,77,52

Failed test

Comments:
