Test Report 


Serial Number: A-AB2
Build Config: G.02
ESP Firmware Version: 1.3.0-d
STM Firmware Version: B0.2.4s
Technician ID: jw
Mac Address: 78:21:84:43:e4:8c
Hardware ID: 265b56b2-48cf-5e81-8c34-dd8ceaba982f
Board Version: 5.5


System Fluorimeter Test:

Lowering lifter...
Heating PCR to 30°C...
Blue LED Stabilized

Ch415,Ch445,Ch480,Ch515,Ch555,Ch590,Ch630,Ch680
46,1229,374,26,42,53,79,53
46,1226,373,26,42,52,79,53
46,1223,372,26,42,52,79,53
46,1225,372,26,42,52,79,53
Failed. Difference = 5
46,1220,371,26,42,52,79,53
46,1218,370,26,42,52,79,53
46,1222,371,26,42,52,79,53
Failed. Difference = 7
46,1215,369,26,42,52,78,52
Failed. Difference = 5
46,1220,370,26,42,52,79,53
Failed. Difference = 5
46,1215,369,26,42,52,78,52
46,1213,368,26,42,52,78,52
46,1213,368,26,42,52,78,52
46,1212,368,26,42,52,78,52
46,1212,367,26,42,52,78,52
46,1210,367,26,42,52,78,52
46,1210,367,26,42,52,78,52
46,1210,367,26,42,52,78,52
46,1214,368,26,42,52,78,52
Failed. Difference = 6
46,1208,366,26,42,52,78,52
46,1208,366,26,42,52,78,52
46,1207,366,26,42,52,78,52
46,1206,366,26,42,52,78,52
46,1206,366,26,42,52,78,52
46,1206,366,26,42,52,78,52
46,1205,365,26,42,52,78,52
Failed. Difference = 6
46,1211,367,26,42,52,78,52
Failed. Difference = 5
46,1206,366,26,42,52,78,52
46,1204,365,26,42,52,78,52
46,1204,365,26,42,52,78,52
46,1204,365,26,42,52,78,52

Failed test

Comments:
