Test Report 


Serial Number: A-AB2
Build Config: G.02
ESP Firmware Version: 1.3.0-d
STM Firmware Version: B0.2.4s
Technician ID: jw
Mac Address: 78:21:84:43:e4:8c
Hardware ID: 265b56b2-48cf-5e81-8c34-dd8ceaba982f
Board Version: 5.5


System Fluorimeter Test:

Lowering lifter...
Heating PCR to 30°C...
Blue LED Stabilized

Ch415,Ch445,Ch480,Ch515,Ch555,Ch590,Ch630,Ch680
47,1272,382,27,43,53,80,54
47,1268,380,27,43,53,80,54
47,1265,379,27,43,53,80,54
47,1262,378,27,43,53,80,54
47,1261,378,27,43,53,80,53
47,1259,377,27,43,53,80,53
47,1257,376,27,43,53,80,53
47,1256,376,27,43,53,80,53
47,1256,376,27,43,52,80,53
47,1255,376,27,43,52,80,53
47,1255,375,27,43,52,80,53
Failed. Difference = 5
47,1260,377,27,43,53,80,53
Failed. Difference = 7
47,1253,375,27,43,52,80,53
47,1253,375,27,43,53,80,53
47,1253,375,27,43,52,80,53
47,1253,375,27,43,52,80,53
47,1251,374,27,43,52,79,53
47,1251,374,27,43,52,80,53
Failed. Difference = 6
47,1257,376,27,43,53,80,53
47,1256,376,27,43,53,80,53
Failed. Difference = 5
47,1251,374,27,43,52,79,53
47,1249,374,27,43,52,79,53
47,1250,374,27,43,52,79,53
47,1248,373,27,43,52,79,53
47,1249,373,27,43,52,79,53
Failed. Difference = 5
47,1254,375,27,43,53,80,53
Failed. Difference = 5
47,1249,373,27,43,52,79,53
47,1249,373,27,43,52,79,53
47,1248,373,27,43,52,79,53
47,1247,373,27,43,52,79,53

Failed test

Comments:
