Test Report 


Serial Number: A-AB2
Build Config: G.02
ESP Firmware Version: 1.3.0-d
STM Firmware Version: B0.2.4s
Technician ID: jw
Mac Address: 78:21:84:43:e4:8c
Hardware ID: 265b56b2-48cf-5e81-8c34-dd8ceaba982f
Board Version: 5.5


System Fluorimeter Test:

Lowering lifter...
Heating PCR to 30°C...
Blue LED Stabilized

Ch415,Ch445,Ch480,Ch515,Ch555,Ch590,Ch630,Ch680
45,1475,559,29,41,60,94,63
45,1471,557,29,41,60,94,63
45,1467,555,29,41,60,94,62
45,1470,556,29,41,60,94,62
Failed. Difference = 6
45,1464,554,29,41,60,94,62
45,1462,553,29,41,60,93,62
45,1460,552,29,41,60,93,62
45,1458,551,29,41,60,93,62
45,1457,550,29,41,60,93,62
45,1457,550,29,41,60,93,62
45,1456,550,29,41,60,93,62
45,1456,549,29,41,60,93,62
45,1455,549,29,41,60,93,62
45,1454,548,29,41,59,93,62
Failed. Difference = 6
45,1460,551,29,41,60,93,62
45,1461,551,29,41,60,93,62
Failed. Difference = 6
45,1455,548,29,41,59,93,62
45,1454,548,29,41,59,93,62
45,1452,547,29,41,59,93,62
45,1451,546,29,41,59,93,62
45,1452,547,29,41,59,93,62
45,1450,546,29,41,59,93,62
45,1450,546,29,41,59,93,62
45,1450,546,29,41,59,93,62
45,1449,546,29,41,59,93,62
Failed. Difference = 7
45,1456,548,29,41,60,93,62
Failed. Difference = 6
45,1450,546,29,41,59,93,62
45,1450,546,29,41,59,93,62
45,1449,545,29,41,59,93,62
45,1449,545,29,41,59,93,62

Failed test

Comments:
