Test Report 


Serial Number: A-AB2
Build Config: G.02
ESP Firmware Version: 1.3.0-d
STM Firmware Version: B0.2.4s
Technician ID: jw
Mac Address: 78:21:84:43:e4:8c
Hardware ID: 265b56b2-48cf-5e81-8c34-dd8ceaba982f
Board Version: 5.5


System Fluorimeter Test:

Lowering lifter...
Heating PCR to 30°C...
Blue LED Stabilized

Ch415,Ch445,Ch480,Ch515,Ch555,Ch590,Ch630,Ch680
41,1320,503,26,38,55,86,57
Failed. Difference = 5
41,1315,501,26,38,55,85,57
41,1311,499,26,38,55,85,57
40,1309,499,26,38,55,85,57
40,1309,498,26,38,55,85,57
40,1306,497,26,38,55,85,57
40,1306,497,26,38,55,85,57
40,1306,497,26,38,55,85,57
40,1305,496,26,38,55,85,57
40,1303,495,26,38,55,85,57
40,1302,495,26,38,55,85,57
40,1301,494,26,38,55,85,57
40,1300,494,26,38,55,85,57
Failed. Difference = 5
40,1305,496,26,38,55,85,57
41,1306,496,26,38,55,85,57
Failed. Difference = 5
40,1301,494,26,38,55,85,57
Failed. Difference = 5
41,1306,496,26,38,55,85,57
Failed. Difference = 6
40,1300,493,26,38,55,85,57
40,1299,493,26,38,55,84,57
40,1300,493,26,38,55,84,57
40,1298,492,26,38,55,84,57
40,1298,492,26,38,55,84,57
40,1297,492,26,38,55,84,57
40,1297,492,26,38,55,84,57
40,1301,494,26,38,55,85,57
40,1297,492,26,38,55,84,57
40,1297,492,26,38,55,84,57
40,1297,492,26,38,55,84,57
Failed. Difference = 5
41,1302,494,26,38,55,85,57
41,1301,493,26,38,55,84,57

Failed test

Comments:
