Test Report 


Serial Number: A-AB2
Build Config: G.02
ESP Firmware Version: 1.3.0-d
STM Firmware Version: B0.2.4s
Technician ID: jw
Mac Address: 78:21:84:43:e4:8c
Hardware ID: 265b56b2-48cf-5e81-8c34-dd8ceaba982f
Board Version: 5.5


System Fluorimeter Test:

Lowering lifter...
Heating PCR to 30°C...
Blue LED Stabilized

Ch415,Ch445,Ch480,Ch515,Ch555,Ch590,Ch630,Ch680
42,1148,358,24,41,49,76,49
Failed. Difference = 5
42,1143,357,24,41,49,76,49
Failed. Difference = 5
42,1138,355,24,40,49,76,49
42,1136,355,24,40,49,76,49
42,1134,354,24,40,49,76,49
42,1132,354,24,40,49,76,49
42,1130,353,24,40,49,76,49
42,1129,352,24,40,49,75,49
42,1127,352,24,40,49,75,49
42,1127,352,24,40,49,75,49
42,1127,352,24,40,49,75,49
42,1125,351,24,40,49,75,49
42,1125,352,24,40,49,75,49
42,1124,352,24,40,49,75,49
Failed. Difference = 12
42,1136,354,24,40,49,76,49
Failed. Difference = 13
42,1123,351,24,40,49,75,49
42,1123,351,24,40,49,75,48
Failed. Difference = 11
42,1134,353,24,40,49,76,49
Failed. Difference = 13
42,1121,351,24,40,49,75,48
42,1121,350,24,40,49,75,48
42,1121,349,24,40,49,75,48
42,1120,349,24,40,49,75,48
42,1119,350,24,40,49,75,48
42,1118,349,24,40,49,75,48
42,1117,349,24,40,49,75,48
42,1117,349,24,40,49,75,48
42,1116,349,24,40,49,75,48
42,1116,349,24,40,49,75,48
Failed. Difference = 11
42,1127,351,24,40,49,75,49
Failed. Difference = 10
42,1117,349,24,40,49,75,48

Failed test

Comments:
