Test Report 


Serial Number: A-AB2
Build Config: G.02
ESP Firmware Version: 1.3.0-d
STM Firmware Version: B0.2.4s
Technician ID: jw
Mac Address: 78:21:84:43:e4:8c
Hardware ID: 265b56b2-48cf-5e81-8c34-dd8ceaba982f
Board Version: 5.5


System Fluorimeter Test:

Lowering lifter...
Heating PCR to 30°C...
Blue LED Stabilized

Ch415,Ch445,Ch480,Ch515,Ch555,Ch590,Ch630,Ch680
35,1094,437,21,34,48,80,47
Failed. Difference = 5
35,1089,435,21,34,48,79,46
35,1086,433,21,34,48,79,46
35,1083,432,21,34,47,79,46
35,1081,431,21,34,47,79,46
35,1077,430,21,34,47,79,46
35,1077,429,21,34,47,79,46
35,1076,429,21,34,47,79,46
35,1074,428,21,34,47,79,46
Failed. Difference = 11
35,1085,432,21,34,47,79,46
35,1084,432,21,34,47,79,46
Failed. Difference = 11
35,1073,428,21,34,47,79,46
35,1072,427,21,34,47,78,46
35,1070,427,21,34,47,78,46
35,1070,426,21,34,47,78,46
35,1070,426,21,34,47,78,46
Failed. Difference = 9
35,1079,429,21,34,47,79,46
Failed. Difference = 10
35,1069,426,21,34,47,78,46
35,1068,425,21,34,47,78,46
Failed. Difference = 11
35,1079,429,21,34,47,79,46
35,1079,429,21,34,47,79,46
Failed. Difference = 11
35,1068,425,21,34,47,78,46
35,1068,425,21,34,47,78,46
35,1066,424,21,34,47,78,46
35,1066,424,21,34,47,78,46
35,1066,424,21,34,47,78,46
Failed. Difference = 10
35,1076,428,21,34,47,79,46
35,1077,428,21,34,47,79,46
Failed. Difference = 10
35,1067,424,21,34,47,78,46
35,1064,423,21,34,47,78,46

Failed test

Comments:
