Test Report 


Serial Number: A-AB2
Build Config: G.02
ESP Firmware Version: 1.3.0-d
STM Firmware Version: B0.2.4s
Technician ID: jw
Mac Address: 78:21:84:43:e4:8c
Hardware ID: 265b56b2-48cf-5e81-8c34-dd8ceaba982f
Board Version: 5.5


System Fluorimeter Test:

Lowering lifter...
Heating PCR to 30°C...
Blue LED Stabilized

Ch415,Ch445,Ch480,Ch515,Ch555,Ch590,Ch630,Ch680
42,1306,502,25,37,55,90,55
Failed. Difference = 5
42,1301,500,25,37,55,90,54
42,1303,500,25,37,55,90,54
Failed. Difference = 7
42,1296,497,25,37,54,89,54
42,1294,497,25,37,54,89,54
42,1292,495,25,37,54,89,54
42,1290,494,25,37,54,89,54
42,1290,494,25,37,54,89,54
42,1289,494,25,37,54,89,54
42,1287,493,25,37,54,89,54
42,1287,493,25,37,54,89,54
42,1286,492,25,37,54,89,54
42,1286,492,25,37,54,89,54
Failed. Difference = 5
42,1291,494,25,37,54,89,54
Failed. Difference = 6
42,1285,491,25,37,54,89,54
42,1285,491,25,37,54,89,54
42,1283,491,25,37,54,89,54
42,1283,490,25,37,54,89,54
42,1282,490,25,37,54,89,54
42,1282,490,25,37,54,89,54
42,1281,489,25,37,54,89,54
42,1281,489,25,37,54,89,54
42,1281,489,25,37,54,89,54
42,1280,489,25,37,54,89,54
42,1279,488,25,37,54,89,54
42,1279,488,25,37,54,89,54
42,1278,488,25,37,54,89,54
42,1277,488,25,37,54,88,54
42,1278,488,25,37,54,89,54
42,1279,488,25,37,54,89,54

Failed test

Comments:
