Test Report 


Serial Number: A-AB2
Build Config: G.02
ESP Firmware Version: 1.3.0-d
STM Firmware Version: B0.2.4s
Technician ID: jw
Mac Address: 78:21:84:43:e4:8c
Hardware ID: 265b56b2-48cf-5e81-8c34-dd8ceaba982f
Board Version: 5.5


System Fluorimeter Test:

Lowering lifter...
Heating PCR to 30°C...
Blue LED Stabilized

Ch415,Ch445,Ch480,Ch515,Ch555,Ch590,Ch630,Ch680
39,1342,514,26,38,55,86,56
Failed. Difference = 8
39,1334,511,26,38,55,86,56
39,1332,510,26,38,55,85,56
39,1330,509,26,38,55,85,56
39,1326,507,26,38,55,85,56
39,1326,507,26,38,55,85,56
39,1325,507,26,38,55,85,56
39,1323,506,26,38,55,85,56
Failed. Difference = 13
39,1336,510,26,38,55,85,56
Failed. Difference = 14
39,1322,505,26,38,55,85,56
39,1322,505,26,38,55,85,56
39,1319,504,26,38,55,85,56
39,1319,504,26,38,55,85,56
39,1319,504,26,38,55,85,55
39,1317,503,26,38,55,85,55
39,1316,503,26,38,55,85,55
39,1316,503,26,38,55,85,55
39,1317,503,26,38,55,85,55
39,1315,502,26,38,55,84,55
39,1315,502,26,38,55,84,55
39,1314,502,26,38,55,84,55
Failed. Difference = 22
39,1336,510,26,38,55,85,56
Failed. Difference = 21
39,1315,502,26,38,55,84,55
39,1314,502,26,38,55,84,55
Failed. Difference = 13
39,1327,506,26,38,55,85,56
39,1329,507,26,38,55,85,56
39,1327,506,26,38,55,85,56
Failed. Difference = 13
39,1314,502,26,38,55,84,55
39,1313,501,26,38,55,84,55
Failed. Difference = 14
39,1327,506,26,38,55,85,56

Failed test

Comments:
