Test Report 


Serial Number: A-AB2
Build Config: G.02
ESP Firmware Version: 1.3.0-d
STM Firmware Version: B0.2.4s
Technician ID: jw
Mac Address: 78:21:84:43:e4:8c
Hardware ID: 265b56b2-48cf-5e81-8c34-dd8ceaba982f
Board Version: 5.5


System Fluorimeter Test:

Lowering lifter...
Heating PCR to 30°C...
Blue LED Stabilized

Ch415,Ch445,Ch480,Ch515,Ch555,Ch590,Ch630,Ch680
47,1282,385,27,43,53,81,54
47,1278,384,27,43,53,81,54
47,1274,382,27,43,53,81,54
47,1272,382,27,43,53,81,54
47,1271,381,27,43,53,80,54
47,1268,380,27,43,53,80,54
47,1267,380,27,43,53,80,54
47,1266,380,27,43,53,80,54
47,1270,381,27,43,53,80,54
Failed. Difference = 5
47,1265,379,27,43,53,80,54
Failed. Difference = 5
47,1270,380,27,43,53,81,54
Failed. Difference = 5
47,1265,379,27,43,53,80,54
47,1264,379,27,43,53,80,54
47,1262,378,27,43,53,80,54
47,1261,377,27,43,53,80,54
47,1261,377,27,43,53,80,54
47,1260,377,27,43,53,80,54
Failed. Difference = 5
47,1265,379,27,43,53,80,54
Failed. Difference = 5
47,1260,377,27,43,53,80,54
47,1260,377,27,43,53,80,54
47,1258,377,27,43,53,80,54
47,1257,376,27,43,53,80,54
47,1258,376,27,43,53,80,54
47,1257,376,27,43,53,80,53
47,1261,377,27,43,53,80,54
Failed. Difference = 5
47,1256,376,27,43,53,80,53
47,1256,376,27,43,53,80,53
47,1255,376,27,43,53,80,53
47,1254,375,27,43,53,80,53
47,1255,375,27,43,53,80,53

Failed test

Comments:
