Test Report 


Serial Number: A-AB2
Build Config: G.02
ESP Firmware Version: 1.3.0-d
STM Firmware Version: B0.2.4s
Technician ID: jw
Mac Address: 78:21:84:43:e4:8c
Hardware ID: 265b56b2-48cf-5e81-8c34-dd8ceaba982f
Board Version: 5.5


System Fluorimeter Test:

Lowering lifter...
Heating PCR to 30°C...
Failed to stabilize.

Ch415,Ch445,Ch480,Ch515,Ch555,Ch590,Ch630,Ch680
42,1298,499,25,37,54,89,54
Failed. Difference = 10
42,1288,495,25,37,54,89,54
42,1285,493,25,37,54,89,54
42,1283,493,25,37,54,89,54
42,1281,492,25,37,54,89,54
42,1280,491,25,37,54,89,54
42,1279,491,25,37,54,89,54
42,1283,492,25,37,54,89,54
Failed. Difference = 6
42,1277,489,25,37,54,88,54
42,1277,489,25,37,54,88,54
42,1276,489,25,37,54,88,54
42,1275,488,25,37,54,88,53
42,1275,488,25,37,54,88,53
42,1275,488,25,37,54,88,53
42,1274,488,25,37,54,88,53
42,1273,487,25,37,54,88,53
42,1273,487,25,37,54,88,53
Failed. Difference = 6
42,1279,489,25,37,54,89,54
Failed. Difference = 6
42,1273,487,25,37,54,88,53
Failed. Difference = 5
42,1278,489,25,37,54,89,54
Failed. Difference = 5
42,1273,487,25,37,54,88,53
42,1273,487,25,37,54,88,53
42,1273,486,25,37,54,88,53
42,1271,486,25,37,54,88,53
42,1271,486,25,37,54,88,53
42,1271,486,25,37,54,88,53
Failed. Difference = 5
42,1276,488,25,37,54,88,53
42,1277,488,25,37,54,89,54
Failed. Difference = 6
42,1271,486,25,37,54,88,53
42,1271,486,25,37,54,88,53

Failed test

Comments:
