Test Report 


Serial Number: A-AB2
Build Config: G.02
ESP Firmware Version: 1.3.0-d
STM Firmware Version: B0.2.4s
Technician ID: jw
Mac Address: 78:21:84:43:e4:8c
Hardware ID: 265b56b2-48cf-5e81-8c34-dd8ceaba982f
Board Version: 5.5


System Fluorimeter Test:

Lowering lifter...
Heating PCR to 30°C...
Blue LED Stabilized

Ch415,Ch445,Ch480,Ch515,Ch555,Ch590,Ch630,Ch680
35,1105,442,21,34,48,81,47
35,1101,440,21,34,48,80,47
35,1098,438,21,34,48,80,47
35,1095,437,21,34,48,80,47
35,1093,436,21,34,48,80,47
35,1091,435,21,34,48,80,47
35,1090,435,21,34,48,80,47
35,1088,434,21,34,48,80,46
Failed. Difference = 10
35,1098,438,21,34,48,80,47
Failed. Difference = 11
35,1087,433,21,34,48,80,46
35,1086,433,21,34,48,79,46
35,1084,432,21,34,48,79,46
Failed. Difference = 10
35,1094,436,21,34,48,80,47
Failed. Difference = 10
35,1084,432,21,34,48,79,46
35,1082,431,21,34,48,79,46
35,1081,431,21,34,48,79,46
35,1080,430,21,34,48,79,46
35,1080,430,21,34,48,79,46
35,1080,430,21,34,48,79,46
35,1078,429,21,34,48,79,46
Failed. Difference = 11
35,1089,434,21,34,48,79,46
Failed. Difference = 9
35,1080,430,21,34,48,79,46
35,1077,429,21,34,48,79,46
35,1076,429,21,34,48,79,46
35,1076,429,21,34,48,79,46
35,1076,428,21,34,48,79,46
Failed. Difference = 11
35,1087,433,21,34,48,79,46
Failed. Difference = 11
35,1076,429,21,34,48,79,46
35,1076,428,21,34,48,79,46
35,1076,428,21,34,48,79,46

Failed test

Comments:
