Test Report 


Serial Number: A-AB2
Build Config: G.02
ESP Firmware Version: 1.3.0-d
STM Firmware Version: B0.2.4s
Technician ID: jw
Mac Address: 78:21:84:43:e4:8c
Hardware ID: 265b56b2-48cf-5e81-8c34-dd8ceaba982f
Board Version: 5.5


System Fluorimeter Test:

Lowering lifter...
Heating PCR to 30°C...
Blue LED Stabilized

Ch415,Ch445,Ch480,Ch515,Ch555,Ch590,Ch630,Ch680
22,475,221,19,29,38,57,32
22,472,220,19,28,38,57,32
22,470,219,19,28,38,57,31
22,469,219,19,28,38,57,31
22,469,219,19,28,38,57,31
21,467,218,19,28,38,57,31
22,471,220,19,28,38,57,31
22,472,220,19,28,38,57,31
Failed. Difference = 6
21,466,218,19,28,38,56,31
21,466,217,19,28,38,56,31
21,466,217,19,28,38,56,31
21,465,217,19,28,38,56,31
22,468,219,19,28,38,57,31
21,465,217,19,28,38,56,31
21,463,216,19,28,38,56,31
21,463,216,19,28,38,56,31
21,464,217,19,28,38,56,31
21,462,216,19,28,38,56,31
21,462,216,19,28,38,56,31
Failed. Difference = 5
21,467,218,19,28,38,57,31
Failed. Difference = 5
21,462,216,19,28,38,56,31
21,461,215,19,28,38,56,31
21,462,216,19,28,38,56,31
21,461,215,19,28,38,56,31
21,461,215,19,28,38,56,31
21,461,216,19,28,38,56,31
21,460,215,19,28,38,56,31
21,464,217,19,28,38,56,31
Failed. Difference = 5
21,459,215,19,28,38,56,31
21,460,215,19,28,38,56,31

Failed test

Comments:
