Test Report 


Serial Number: A-AB2
Build Config: G.02
ESP Firmware Version: 1.3.0-d
STM Firmware Version: B0.2.4s
Technician ID: jw
Mac Address: 78:21:84:43:e4:8c
Hardware ID: 265b56b2-48cf-5e81-8c34-dd8ceaba982f
Board Version: 5.5


System Fluorimeter Test:

Lowering lifter...
Heating PCR to 30°C...
Blue LED Stabilized

Ch415,Ch445,Ch480,Ch515,Ch555,Ch590,Ch630,Ch680
20,545,312,18,26,36,64,34
20,541,310,18,26,36,64,34
20,539,309,18,26,36,63,34
20,538,308,18,26,36,63,34
20,538,308,18,26,36,63,34
20,538,308,18,26,36,63,34
20,536,307,18,26,36,63,34
20,535,306,18,26,36,63,34
20,536,307,18,26,36,63,34
19,533,305,18,26,36,63,34
19,533,305,18,26,36,63,34
20,533,305,18,26,36,63,34
19,532,305,18,26,36,63,34
20,533,305,18,26,36,63,34
19,532,304,18,26,36,63,34
19,531,304,18,26,36,63,34
Failed. Difference = 5
20,536,307,18,26,36,63,34
20,537,307,18,26,36,63,34
Failed. Difference = 6
19,531,304,18,26,36,63,34
19,530,304,18,26,36,63,34
19,531,304,18,26,36,63,34
19,529,303,18,26,36,63,34
Failed. Difference = 6
20,535,306,18,26,36,63,34
Failed. Difference = 5
19,530,304,18,26,36,63,34
19,529,303,18,26,36,63,34
Failed. Difference = 5
20,534,306,17,26,36,63,34
Failed. Difference = 5
19,529,303,18,26,36,63,34
19,528,302,18,26,36,63,34
19,527,302,18,26,36,63,34
19,528,303,18,26,36,63,34

Failed test

Comments:
