Test Report 


Serial Number: A-AB2
Build Config: G.02
ESP Firmware Version: 1.3.0-d
STM Firmware Version: B0.2.4s
Technician ID: jw
Mac Address: 78:21:84:43:e4:8c
Hardware ID: 265b56b2-48cf-5e81-8c34-dd8ceaba982f
Board Version: 5.5


System Fluorimeter Test:

Lowering lifter...
Heating PCR to 30°C...
Blue LED Stabilized

Ch415,Ch445,Ch480,Ch515,Ch555,Ch590,Ch630,Ch680
24,606,258,19,29,38,58,33
24,604,257,19,29,38,58,33
24,601,256,19,29,38,57,33
24,599,255,19,29,38,57,33
24,599,255,19,29,38,57,33
24,598,254,19,29,38,57,33
24,597,254,19,29,38,57,33
24,596,253,19,29,38,57,33
24,596,253,19,29,38,57,33
24,595,253,19,29,38,57,33
24,595,253,19,29,38,57,33
24,594,252,19,29,38,57,33
24,594,252,19,29,38,57,33
24,594,252,19,29,38,57,33
24,593,252,19,29,38,57,33
24,593,252,19,29,38,57,33
24,593,252,19,29,38,57,33
24,592,251,19,29,38,57,33
Failed. Difference = 6
24,598,254,19,29,38,57,33
Failed. Difference = 6
24,592,252,19,29,38,57,33
24,591,251,19,29,38,57,33
24,591,251,19,29,38,57,33
24,590,251,19,29,38,57,33
24,591,251,19,29,38,57,33
24,590,251,19,29,38,57,33
24,590,251,19,29,38,57,33
24,590,251,19,29,38,57,33
Failed. Difference = 5
24,595,253,19,29,38,57,33
Failed. Difference = 5
24,590,251,19,29,38,57,33
24,589,251,19,29,38,57,33

Failed test

Comments:
