Test Report 


Serial Number: A-AB2
Build Config: G.02
ESP Firmware Version: 1.3.0-d
STM Firmware Version: B0.2.4s
Technician ID: jw
Mac Address: 78:21:84:43:e4:8c
Hardware ID: 265b56b2-48cf-5e81-8c34-dd8ceaba982f
Board Version: 5.5


System Fluorimeter Test:

Lowering lifter...
Heating PCR to 30°C...
Blue LED Stabilized

Ch415,Ch445,Ch480,Ch515,Ch555,Ch590,Ch630,Ch680
22,485,227,19,29,39,59,32
22,483,226,19,29,39,58,32
Failed. Difference = 6
22,477,223,19,29,39,58,32
22,481,225,19,29,39,58,32
Failed. Difference = 6
22,475,223,19,29,39,58,32
22,474,222,19,29,39,58,32
22,474,222,19,29,39,58,32
22,472,221,19,29,39,58,32
22,472,221,19,29,39,58,32
22,473,221,19,29,39,58,32
22,471,221,19,29,39,58,32
22,471,221,19,29,39,58,32
Failed. Difference = 5
22,476,223,19,29,39,58,32
Failed. Difference = 6
22,470,220,19,29,39,58,32
22,469,220,19,29,39,58,32
22,471,221,19,29,39,58,32
22,468,220,19,29,38,57,32
22,468,219,19,29,39,57,32
Failed. Difference = 6
22,474,222,19,29,39,58,32
Failed. Difference = 6
22,468,220,19,29,39,57,32
Failed. Difference = 5
22,473,222,19,29,39,58,32
22,469,220,19,29,39,57,32
21,467,219,19,29,39,57,32
21,467,219,19,29,39,57,32
21,467,219,19,29,39,57,32
21,466,219,19,29,38,57,32
21,466,219,19,29,39,57,32
22,467,219,19,29,39,57,32
21,466,218,19,29,38,57,32
21,466,219,19,29,39,57,32

Failed test

Comments:
