Test Report 


Serial Number: A-AB2
Build Config: G.02
ESP Firmware Version: 1.3.0-d
STM Firmware Version: B0.2.4s
Technician ID: jw
Mac Address: 78:21:84:43:e4:8c
Hardware ID: 265b56b2-48cf-5e81-8c34-dd8ceaba982f
Board Version: 5.5


System Fluorimeter Test:

Lowering lifter...
Heating PCR to 30°C...
Blue LED Stabilized

Ch415,Ch445,Ch480,Ch515,Ch555,Ch590,Ch630,Ch680
20,569,326,18,27,38,67,36
21,572,328,18,27,38,67,36
Failed. Difference = 7
20,565,323,18,27,37,67,35
20,563,323,18,27,37,66,35
20,562,322,18,27,37,66,35
20,566,324,18,27,38,67,35
20,566,324,18,27,38,67,35
Failed. Difference = 6
20,560,321,18,27,37,66,35
20,559,320,18,27,37,66,35
20,558,320,18,27,37,66,35
20,557,319,18,27,37,66,35
20,557,319,18,27,37,66,35
Failed. Difference = 6
20,563,322,18,27,37,66,35
Failed. Difference = 7
20,556,318,18,27,37,66,35
20,556,318,18,27,37,66,35
20,556,318,18,27,37,66,35
20,555,318,18,27,37,66,35
20,555,318,18,27,37,66,35
20,554,317,18,27,37,66,35
20,554,317,18,27,37,66,35
20,554,317,18,27,37,66,35
20,553,317,18,27,37,66,35
Failed. Difference = 6
20,559,320,18,27,37,66,35
20,558,320,18,27,37,66,35
20,558,320,18,27,37,66,35
Failed. Difference = 5
20,553,317,18,27,37,66,35
20,552,316,18,27,37,66,35
Failed. Difference = 5
20,557,319,18,27,37,66,35
Failed. Difference = 6
20,551,316,18,27,37,65,35
20,551,316,18,27,37,66,35

Failed test

Comments:
