Test Report 


Serial Number: A-AB2
Build Config: G.02
ESP Firmware Version: 1.3.0-d
STM Firmware Version: B0.2.4s
Technician ID: jw
Mac Address: 78:21:84:43:e4:8c
Hardware ID: 265b56b2-48cf-5e81-8c34-dd8ceaba982f
Board Version: 5.5


System Fluorimeter Test:

Lowering lifter...
Heating PCR to 30°C...
Blue LED Stabilized

Ch415,Ch445,Ch480,Ch515,Ch555,Ch590,Ch630,Ch680
24,590,248,19,28,37,56,32
23,588,247,19,28,37,56,32
23,585,246,19,28,37,56,32
23,586,246,19,28,37,56,32
23,583,245,19,28,37,55,32
23,583,245,19,28,37,55,32
23,584,245,19,28,37,56,32
23,581,244,19,28,37,55,32
Failed. Difference = 6
23,587,246,19,28,37,56,32
23,586,246,19,28,37,56,32
24,586,246,19,28,37,56,32
Failed. Difference = 6
23,580,244,19,28,37,55,32
23,579,243,19,28,37,55,32
23,580,244,19,28,37,55,32
23,578,243,19,28,37,55,32
Failed. Difference = 6
23,584,245,19,28,37,56,32
Failed. Difference = 5
23,579,243,19,28,37,55,32
23,578,243,19,28,37,55,32
23,577,243,19,28,37,55,32
Failed. Difference = 6
23,583,245,19,28,37,56,32
Failed. Difference = 5
23,578,243,19,28,37,55,32
23,582,245,19,28,37,56,32
Failed. Difference = 6
23,576,242,19,28,37,55,32
23,577,243,19,28,37,55,32
23,576,242,19,28,37,55,32
23,575,242,19,28,37,55,32
23,578,243,19,28,37,55,32
23,576,242,19,28,37,55,32
23,574,241,19,28,37,55,32
23,575,242,19,28,37,55,32

Failed test

Comments:
