Test Report 


Serial Number: A-AB2
Build Config: G.02
ESP Firmware Version: 1.3.0-d
STM Firmware Version: B0.2.4s
Technician ID: jw
Mac Address: 78:21:84:43:e4:8c
Hardware ID: 265b56b2-48cf-5e81-8c34-dd8ceaba982f
Board Version: 5.5


System Fluorimeter Test:

Lowering lifter...
Heating PCR to 30°C...
Blue LED Stabilized

Ch415,Ch445,Ch480,Ch515,Ch555,Ch590,Ch630,Ch680
22,477,223,19,29,39,58,32
Failed. Difference = 7
21,470,220,19,28,38,57,32
22,472,221,19,28,38,57,32
Failed. Difference = 5
21,467,219,19,28,38,57,31
21,466,218,19,28,38,57,31
21,465,218,19,28,38,57,31
21,465,218,19,28,38,57,31
21,464,218,19,28,38,57,31
21,463,217,19,28,38,57,31
21,467,219,18,28,38,57,31
21,463,217,19,28,38,56,31
21,467,219,19,28,38,57,31
Failed. Difference = 5
21,462,217,19,28,38,57,31
21,461,217,19,28,38,56,31
21,461,216,19,28,38,56,31
21,461,216,19,28,38,56,31
21,465,218,18,28,38,57,31
Failed. Difference = 5
21,460,216,19,28,38,56,31
21,464,218,19,28,38,57,31
Failed. Difference = 5
21,459,216,19,28,38,56,31
21,459,216,19,28,38,56,31
21,459,216,19,28,38,56,31
21,460,216,19,28,38,56,31
21,458,215,19,28,38,56,31
Failed. Difference = 5
21,463,217,19,28,38,57,31
21,459,216,19,28,38,56,31
21,458,215,19,28,38,56,31
Failed. Difference = 5
21,463,217,19,28,38,57,31
Failed. Difference = 5
21,458,215,19,28,38,56,31
21,457,215,19,28,38,56,31

Failed test

Comments:
