Test Report 


Serial Number: A-AB2
Build Config: G.02
ESP Firmware Version: 1.3.0-d
STM Firmware Version: B0.2.4s
Technician ID: jw
Mac Address: 78:21:84:43:e4:8c
Hardware ID: 265b56b2-48cf-5e81-8c34-dd8ceaba982f
Board Version: 5.5


System Fluorimeter Test:

Lowering lifter...
Heating PCR to 30°C...
Blue LED Stabilized

Ch415,Ch445,Ch480,Ch515,Ch555,Ch590,Ch630,Ch680
22,484,225,19,29,39,58,32
22,483,225,19,29,39,58,32
22,480,223,19,29,39,58,32
22,478,223,19,29,39,58,32
Failed. Difference = 5
22,483,225,19,29,39,58,32
Failed. Difference = 6
22,477,222,19,29,39,58,32
Failed. Difference = 5
22,482,224,19,29,39,58,32
Failed. Difference = 5
22,477,222,19,29,39,58,32
22,475,221,19,29,39,58,32
22,475,221,19,29,39,58,32
Failed. Difference = 5
22,480,223,19,29,39,58,32
Failed. Difference = 5
22,475,221,19,29,39,58,32
22,474,221,19,29,39,58,32
22,473,220,19,29,39,58,32
22,475,221,19,29,39,58,32
22,474,221,20,29,39,57,32
22,472,220,19,29,38,57,32
22,472,220,19,29,39,57,32
22,472,220,19,29,38,57,32
22,472,220,19,29,38,57,32
22,471,219,19,29,38,57,32
22,472,220,19,29,38,57,32
22,470,219,19,29,38,57,32
22,470,219,19,29,38,57,32
Failed. Difference = 6
22,476,222,19,29,39,58,32
Failed. Difference = 6
22,470,219,19,29,38,57,32
22,469,219,19,29,38,57,32
22,471,220,19,29,39,57,32
22,470,219,19,29,38,57,32
22,469,219,19,29,38,57,32

Failed test

Comments:
