Test Report 


Serial Number: A-AB2
Build Config: G.02
ESP Firmware Version: 1.3.0-d
STM Firmware Version: B0.2.4s
Technician ID: jw
Mac Address: 78:21:84:43:e4:8c
Hardware ID: 265b56b2-48cf-5e81-8c34-dd8ceaba982f
Board Version: 5.5


System Fluorimeter Test:

Lowering lifter...
Heating PCR to 30°C...
Blue LED Stabilized

Ch415,Ch445,Ch480,Ch515,Ch555,Ch590,Ch630,Ch680
20,564,324,18,27,38,67,35
20,568,326,18,27,38,67,36
Failed. Difference = 8
20,560,322,18,27,37,66,35
20,559,321,18,27,37,66,35
20,558,320,18,27,37,66,35
20,556,320,18,27,37,66,35
20,556,319,18,27,37,66,35
20,555,319,18,27,37,66,35
20,554,318,18,27,37,66,35
20,554,318,18,27,37,66,35
20,553,318,18,27,37,66,35
Failed. Difference = 6
20,559,321,18,27,37,66,35
Failed. Difference = 6
20,553,318,18,27,37,66,35
20,553,318,18,27,37,66,35
20,552,317,18,27,37,66,35
20,552,317,18,27,37,66,35
20,552,317,18,27,37,66,35
20,551,317,18,27,37,66,35
20,551,317,18,27,37,66,35
20,551,316,18,27,37,66,35
20,550,316,18,27,37,66,35
Failed. Difference = 5
20,555,319,18,27,37,66,35
Failed. Difference = 5
20,550,316,18,27,37,65,35
Failed. Difference = 5
20,555,319,18,27,37,66,35
20,555,319,18,27,37,66,35
20,555,319,18,27,37,66,35
Failed. Difference = 5
20,550,316,18,27,37,66,35
20,550,316,18,27,37,66,35
20,549,315,18,27,37,65,35
20,548,315,18,26,37,65,35

Failed test

Comments:
