Test Report 


Serial Number: A-AB2
Build Config: G.02
ESP Firmware Version: 1.3.0-d
STM Firmware Version: B0.2.4s
Technician ID: jw
Mac Address: 78:21:84:43:e4:8c
Hardware ID: 265b56b2-48cf-5e81-8c34-dd8ceaba982f
Board Version: 5.5


System Fluorimeter Test:

Lowering lifter...
Heating PCR to 30°C...
Blue LED Stabilized

Ch415,Ch445,Ch480,Ch515,Ch555,Ch590,Ch630,Ch680
22,489,225,20,30,39,58,32
22,492,227,20,30,39,58,32
Failed. Difference = 5
22,487,225,20,30,39,58,32
22,484,223,20,29,39,58,32
22,483,223,20,29,39,58,32
22,483,223,20,29,39,58,32
22,482,222,20,29,39,58,32
22,486,224,20,30,39,58,32
22,487,224,20,30,39,58,32
Failed. Difference = 6
22,481,222,20,29,39,58,32
22,485,224,20,30,39,58,32
22,481,222,20,29,39,58,32
22,479,221,20,29,39,58,32
Failed. Difference = 6
22,485,224,20,30,39,58,32
Failed. Difference = 6
22,479,221,20,29,39,58,32
Failed. Difference = 5
22,484,223,20,30,39,58,32
22,480,222,20,29,39,58,32
22,484,223,20,30,39,58,32
Failed. Difference = 5
22,479,221,20,29,39,58,32
22,479,221,20,29,39,58,32
22,478,221,20,29,39,57,32
22,478,221,20,29,39,58,32
22,478,221,20,29,39,57,32
22,477,220,20,29,38,57,32
22,477,220,20,29,39,57,32
22,478,221,20,29,39,57,32
22,476,220,20,29,39,57,32
Failed. Difference = 5
22,481,222,20,29,39,58,32
22,477,221,20,29,39,58,32
22,476,220,20,29,39,57,32

Failed test

Comments:
