0.9727439160958655 [0.9988491920790005, 0.9995464207586666, 0.0, -5.425214561258368e-233]
0.9706221208015422 [0.998838972275838, 0.9996030957034834, 0.0, -9.492334079684194e-296]
0.9688048059319322 [0.9988660884860948, 0.9995345513717907, 0.0, 0.0]
0.968705991570203 [0.9986845461162001, 0.9995806164062998, 0.0, 0.0]
0.9654292392335754 [0.9986230253098953, 0.9995427244725043, 0.0, 0.0]

0.9392660998748652 [0.9984771163952539, 0.999417678049848, 0.0, 0.0]
0.9550877546495546 [0.9982885514704327, 0.9995021208239441, 0.0, 0.0]
0.9169238168283522 [0.9983250051471022, 0.9993780466406933, 0.0, 0.0]
0.9482014035620511 [0.9987094813008327, 0.9995315376269571, 0.0, 0.0]
0.9276668337253066 [0.9980727990306613, 0.9994818167057852, 0.0, 0.0]
0.9222278203489315 [0.9982109337153702, 0.9996387868837382, 0.0, 0.0]
0.9296075690421562 [0.9980880414181484, 0.9995761906613827, 0.0, 0.0]
0.9271372099975254 [0.9982604117569946, 0.9994101427328124, 0.0, 0.0]
0.9497440848694048 [0.9985189466575805, 0.9996237926129369, 0.0, 0.0]
