0.9373350491808444 [0.998872897496535, 0.9995263825960339, -1.16967057859308e-309, 1.0]
0.942232571562985 [0.9987247555366674, 0.9995663555436549, 0.0, 1.0]
0.9418575738794105 [0.9988297607557993, 0.9995915764471998, 0.0, 1.0]
0.9379458102052258 [0.9987037341019707, 0.999508971580411, 0.0, 1.0]
0.9653649962574554 [0.9984199262731229, 0.9997104153556947, -4.006835899048015e-14, 6.5316881644389095]
0.9354129226525904 [0.9988785556794351, 0.9995268246579716, 0.0, 0.0]
0.9346284004963344 [0.9988193325192887, 0.9995686749193728, 0.0, 0.0]
0.9357006007726576 [0.998822485492032, 0.9995187081373011, 0.0, 0.0]
0.9366667542044267 [0.9988652552893388, 0.9995405946896228, 0.0, 0.0]
0.9363669895069491 [0.9988515680172472, 0.9995592211762104, 0.0, 0.0]
0.93399735095708 [0.9988217184827889, 0.9995737484768802, 0.0, 0.0]
0.9349151521519342 [0.9988776395866844, 0.9995211907292336, 0.0, 0.0]
0.9351518327502275 [0.9987992481880127, 0.9995198031661355, 0.0, 0.0]
0.9361880515937648 [0.998838989615195, 0.9995233594392628, 0.0, 0.0]
0.9351258649713043 [0.9988581310764233, 0.9995719932554431, 0.0, 0.0]
0.9352204413274161 [0.9988004312505737, 0.9995538881934687, 0.0, 0.0]
0.9342509465139048 [0.9988385870763903, 0.999506159099563, 0.0, 0.0]
0.9338632445664028 [0.998905833900268, 0.9995704691265349, 0.0, 0.0]
0.9361304230806782 [0.9988194557226032, 0.999525179656216, 0.0, 0.0]
0.9346276203568517 [0.998870736889911, 0.9995753673419177, 0.0, 0.0]
0.9349891581430853 [0.9988064331201323, 0.9995602338007492, 0.0, 0.0]
0.9341434816749188 [0.9988591622256558, 0.9995086665630771, 0.0, 0.0]
0.9350029705452345 [0.9988405210078156, 0.9995712317944393, 0.0, 0.0]
0.9345684451476983 [0.9988387918919681, 0.9995084031032301, 0.0, 0.0]
0.9348397708286041 [0.9988617204797455, 0.9995742045502355, 0.0, 0.0]
0.9361798424919598 [0.9988736556796791, 0.9995347434499702, 0.0, 0.0]
0.934951584989907 [0.9988463587542827, 0.9995120689977421, 0.0, 0.0]
0.9351818050632487 [0.9988676009215245, 0.9995192391012149, 0.0, 0.0]
0.9353013354830535 [0.9987926835980303, 0.9995444218783791, 0.0, 0.0]
0.9344457230870119 [0.9988986233296686, 0.9995310245700775, 0.0, 0.0]
0.9348588871967217 [0.9988981282284993, 0.9995364381439231, 0.0, 0.0]
0.9340428626190131 [0.9988297734861388, 0.9995043995201663, 0.0, 0.0]
0.9344046314783256 [0.9988320283205716, 0.9995737463510961, 0.0, 0.0]
0.9343852037810665 [0.9988825333298355, 0.999519044116134, 0.0, 0.0]
0.934901200150654 [0.9988031431023782, 0.9995593153207455, 0.0, 0.0]
0.934784753004668 [0.9988106365164396, 0.9995118262182273, 0.0, 0.0]
0.9347722644313845 [0.9988018865944726, 0.9995598888300506, 0.0, 0.0]
0.9349517698141225 [0.998843086225556, 0.9995116714788236, 0.0, 0.0]
0.9349239816416166 [0.998900743174293, 0.9995586052356775, 0.0, 0.0]
0.9359678017213832 [0.9988467211549961, 0.9995636741526478, 0.0, 0.0]
0.9362775188727295 [0.998853567248201, 0.9995604892884303, 0.0, 0.0]
0.9349357831446524 [0.9988205711957345, 0.9995667068338449, 0.0, 0.0]
0.9361199449149437 [0.9988485020887158, 0.9995234950640928, 0.0, 0.0]
0.9346265317064923 [0.998835853425184, 0.999508653211242, 0.0, 0.0]
0.9364792318587953 [0.9988391767358431, 0.9995558975118448, 0.0, 0.0]
0.9348478336505068 [0.9987911783257546, 0.9995205787327475, 0.0, 0.0]
0.9361612018800191 [0.9988140716849414, 0.9995282974650022, 0.0, 0.0]
0.9360718823657657 [0.9988692622123682, 0.999529975575857, 0.0, 0.0]
0.934779909076772 [0.9988645067031673, 0.9995147842428813, 0.0, 0.0]
0.9351358607316949 [0.9987993353934678, 0.9995541870200453, 0.0, 0.0]
0.9351885484541025 [0.9988952961606605, 0.9995388473131804, 0.0, 0.0]
0.9342991431007855 [0.9988192763271606, 0.9995710157923653, 0.0, 0.0]
0.933974148358352 [0.9987808015281856, 0.9995534506258733, 0.0, 0.0]
0.9339125983317152 [0.9988902742652856, 0.9995194891960537, 0.0, 0.0]
0.934000840635711 [0.9988041079432866, 0.9995067138196915, 0.0, 0.0]
0.9368019386212811 [0.9988510061514193, 0.999550804074993, 0.0, 0.0]
0.9341464068406412 [0.9988184508344312, 0.9995717910679918, 0.0, 0.0]
0.9343550936951697 [0.9988527681141642, 0.9995087332579439, 0.0, 0.0]
0.9353560564114206 [0.998861726416742, 0.9995188145981803, 0.0, 0.0]
0.9349048145370524 [0.9988416270207338, 0.9995111585899799, 0.0, 0.0]
0.9341795177321482 [0.9987916906137712, 0.9995594622630481, 0.0, 0.0]
0.9351260102335031 [0.9988044614095336, 0.9995577037146054, 0.0, 0.0]
0.9338084842866345 [0.9988547900983519, 0.999505503378737, 0.0, 0.0]
0.9358937537532388 [0.998874390290797, 0.9995304471813672, 0.0, 0.0]
0.933898437720062 [0.9988843568395184, 0.9995787336287589, 0.0, 0.0]
0.933961751333383 [0.9988958198069259, 0.9995235822766261, 0.0, 0.0]
0.9362133887620347 [0.9988209972672863, 0.9995529025763499, 0.0, 0.0]
0.936605322122926 [0.9988545588515338, 0.9995322536283489, 0.0, 0.0]
0.9353593165418557 [0.9988795392577193, 0.999526807558654, 0.0, 0.0]
0.9343090430874923 [0.998863226101432, 0.9995779085023667, 0.0, 0.0]
0.9338557076156268 [0.9988551713011801, 0.9995058817377365, 0.0, 0.0]
0.9351581654141893 [0.9988651272175997, 0.9995181419594036, 0.0, 0.0]
0.9353368038409661 [0.9988469236634577, 0.999515326271572, 0.0, 0.0]
0.9360204771388279 [0.9988141490390124, 0.9995254809015265, 0.0, 0.0]
0.9344375765872972 [0.9988648577389508, 0.9995770268407485, 0.0, 0.0]
0.936855022533592 [0.9988457627462679, 0.9995489210393573, 0.0, 0.0]
0.9339834976612029 [0.9988328591678994, 0.999504067082764, 0.0, 0.0]
0.9344222063718279 [0.998857732063366, 0.9995102594267468, 0.0, 0.0]
0.9344672947978359 [0.9988614282741295, 0.9995768446420277, 0.0, 0.0]
0.9356890721398817 [0.9988692125764532, 0.999525022136457, 0.0, 0.0]
0.9348564118801396 [0.99887176007135, 0.9995180119201019, 0.0, 0.0]
0.9339355174874341 [0.9989035022564663, 0.9995712768887225, 0.0, 0.0]
0.9344420988645576 [0.9988118055069658, 0.9995673494338458, 0.0, 0.0]
0.9346855402551298 [0.9988136756487455, 0.9995661890227022, 0.0, 0.0]
0.9361617028081838 [0.9988529106085674, 0.9995619453736837, 0.0, 0.0]
0.9358021689579783 [0.9988436509917209, 0.9995193004975399, 0.0, 0.0]
0.9353288441011222 [0.9988239759233398, 0.9995146940828702, 0.0, 0.0]
0.9366292440829919 [0.9988618265573458, 0.9995362639668254, 0.0, 0.0]
0.9360282607487651 [0.9988802998127945, 0.9995379193736799, 0.0, 0.0]
0.9360082890854835 [0.9988405274872101, 0.999562293499543, 0.0, 0.0]
0.9346829635679884 [0.9987998210465102, 0.9995140254192263, 0.0, 0.0]
0.9355261779530571 [0.9988605267436228, 0.9995685784638604, 0.0, 0.0]
0.9341434160727426 [0.9988126243325197, 0.9995698296097832, 0.0, 0.0]
0.9344087226623232 [0.9987836779857192, 0.9995504441821034, 0.0, 0.0]
0.9349202563934862 [0.9988874268541477, 0.999569176665033, 0.0, 0.0]
0.9354864793961344 [0.9988655532433636, 0.9995213612490523, 0.0, 0.0]
0.9351259446230604 [0.9988261655344347, 0.9995126776082925, 0.0, 0.0]
0.9340271602355347 [0.998845584537772, 0.9995053839460446, 0.0, 0.0]
0.9353678648418701 [0.9988063761921734, 0.9995192481317066, 0.0, 0.0]
0.9367426010108789 [0.998858094435014, 0.9995372615079464, 0.0, 0.0]
0.9346544612471773 [0.9988999431312543, 0.999535367462832, 0.0, 0.0]
0.9338470733264286 [0.9988532739308599, 0.999505452660479, 0.0, 0.0]
0.9358766622258202 [0.9988858991105127, 0.9995418541143806, 0.0, 0.0]
0.9358291265451836 [0.9988865868754887, 0.9995549901975925, 0.0, 0.0]
0.9351764406911082 [0.9988158246933438, 0.9995144249778852, 0.0, 0.0]
0.9354448996870488 [0.9988930474001565, 0.9995568288638286, 0.0, 0.0]
0.9365996832117155 [0.9988607597174768, 0.9995543474835112, 0.0, 0.0]
0.9350693713742607 [0.9988448140693439, 0.9995713884414774, 0.0, 0.0]
0.9342938104526509 [0.9988323167427545, 0.9995745360726699, 0.0, 0.0]
0.936522308889425 [0.9988648874121255, 0.9995547516897795, 0.0, 0.0]
0.933809128616966 [0.9988559379616063, 0.9995057436604613, 0.0, 0.0]
0.9354549131999207 [0.9988690075897175, 0.9995685848119633, 0.0, 0.0]
0.9349650357152037 [0.9988663831493594, 0.9995169105638383, 0.0, 0.0]
0.9339753914625367 [0.9988758698958552, 0.9995794567504878, 0.0, 0.0]
0.9341365296757158 [0.9987736191220863, 0.9995411077125608, 0.0, 0.0]
0.9350521977696508 [0.998857139369606, 0.9995149168271212, 0.0, 0.0]
0.9366461690643508 [0.9988608667274023, 0.999536110370861, 0.0, 0.0]
0.9365709580486811 [0.9988579392515675, 0.9995555634612728, 0.0, 0.0]
0.9353728195861803 [0.9988558042758973, 0.999569914539934, 0.0, 0.0]
0.9339316918270243 [0.9987912936619652, 0.9995614655105322, 0.0, 0.0]
0.9366858629139967 [0.9988259153890889, 0.9995444216028228, 0.0, 0.0]
0.9349208378940492 [0.9988088832329913, 0.9995135170428484, 0.0, 0.0]
0.9350566652385426 [0.9988471500009194, 0.999513015421675, 0.0, 0.0]
0.9340469657614945 [0.9988242716098921, 0.9995045080480109, 0.0, 0.0]
0.9343645732059129 [0.9988164666046965, 0.9995073925737218, 0.0, 0.0]
0.9354203550454038 [0.998834028133981, 0.9995665730310916, 0.0, 0.0]
0.9346814981433867 [0.9988599640020637, 0.9995753442218804, 0.0, 0.0]
0.9352783705105755 [0.9987942866008649, 0.9995255609860347, 0.0, 0.0]
0.9343692135944864 [0.9988428139273926, 0.9995073538508326, 0.0, 0.0]
0.9357310682517826 [0.9988045004578187, 0.9995258999993528, 0.0, 0.0]
0.9368875866464661 [0.9988489265375321, 0.9995477034741326, 0.0, 0.0]
0.9359591163312777 [0.9988599981251292, 0.9995244855125074, 0.0, 0.0]
0.9364800075671641 [0.9988428047151512, 0.9995566458001994, 0.0, 0.0]
0.9355796684890468 [0.9987963177484, 0.9995419114192937, 0.0, 0.0]
0.9340342946467499 [0.9988003726446316, 0.9995079124739665, 0.0, 0.0]
0.9352580008750343 [0.9988230157292189, 0.9995141298600682, 0.0, 0.0]
0.9359448189577517 [0.9988615969650052, 0.9995248707512394, 0.0, 0.0]
0.9338991934660805 [0.9988825033511852, 0.9995152064905556, 0.0, 0.0]
0.9352517879955217 [0.9988826039289991, 0.9995275423411654, 0.0, 0.0]
0.9361779469736189 [0.9988374911622896, 0.9995231980042781, 0.0, 0.0]
0.9345387569297053 [0.9987784264786153, 0.9995388417160631, 0.0, 0.0]
0.9351999923132023 [0.9987981528582606, 0.9995523832926414, 0.0, 0.0]
0.9364573208198207 [0.998827061144921, 0.9995518169816285, 0.0, 0.0]
0.9356828566153471 [0.9988153890314057, 0.9995200745655727, 0.0, 0.0]
0.9342732215961903 [0.9988645963262368, 0.9995110255197855, 0.0, 0.0]
0.9350841543698103 [0.9988187826438224, 0.9995648344104072, 0.0, 0.0]
0.9350220088211465 [0.9988258790687982, 0.999567701043319, 0.0, 0.0]
0.9347290161536186 [0.9989038910468263, 0.9995434779562294, 0.0, 0.0]
0.9345848506980073 [0.9988909996481192, 0.9995261267611352, 0.0, 0.0]
0.9338603501762335 [0.9987914023880606, 0.9995093682025572, 0.0, 0.0]
0.9347185808444087 [0.9988511831747074, 0.9995746371545483, 0.0, 0.0]
0.9341323735323745 [0.9989085168582095, 0.9995641556583011, 0.0, 0.0]
0.9338981580097009 [0.9988163716026519, 0.999572755960169, 0.0, 0.0]
0.9351625738261029 [0.9988865575279664, 0.9995668217695098, 0.0, 0.0]
0.9348792470453877 [0.9988705131040831, 0.999517707867282, 0.0, 0.0]
0.9342617904610852 [0.9988626141353489, 0.9995103772298736, 0.0, 0.0]
0.9357814546102983 [0.9988701053112681, 0.9995649437281097, 0.0, 0.0]
0.9346362977590503 [0.9988948932217145, 0.9995298538937404, 0.0, 0.0]
0.9365607382333504 [0.9988289008508745, 0.999530340652565, 0.0, 0.0]
0.935428096907857 [0.9988490658028054, 0.999569012384596, 0.0, 0.0]
0.9359393141385641 [0.9988445878258524, 0.9995637004281308, 0.0, 0.0]
0.935882426994472 [0.9988099177437704, 0.999525226790512, 0.0, 0.0]
0.9363075473357597 [0.9988172353897532, 0.9995484286824037, 0.0, 0.0]
0.9361829532954224 [0.998813311819841, 0.9995293334992272, 0.0, 0.0]
0.9347959358339907 [0.9987873374217884, 0.9995229779481549, 0.0, 0.0]
0.9355191596483717 [0.9988177706995686, 0.9995175693384704, 0.0, 0.0]
0.9341709552533964 [0.998883058485817, 0.9995175679000194, 0.0, 0.0]
0.9359482177747768 [0.9988307363554311, 0.9995605198448161, 0.0, 0.0]
0.9347192949797332 [0.9988378725873648, 0.9995728097614689, 0.0, 0.0]
0.9354457721779551 [0.9988377018858976, 0.9995154127862725, 0.0, 0.0]
0.9354887950474032 [0.99883109522704, 0.99956522596236, 0.0, 0.0]
0.9353972004710756 [0.9988081431159251, 0.9995567792337133, 0.0, 0.0]
0.935023080705865 [0.9988647655871333, 0.9995168547483948, 0.0, 0.0]
0.9347663170071586 [0.9988057948560429, 0.9995620184562197, 0.0, 0.0]
0.9343258472918036 [0.998836141126511, 0.999575120963153, 0.0, 0.0]
0.9339824355003687 [0.998801728354455, 0.9995071359948657, 0.0, 0.0]
0.9339239229553638 [0.9988087501445571, 0.9995052172143011, 0.0, 0.0]
0.9340603298563003 [0.998856183730516, 0.9995074271926414, 0.0, 0.0]
0.9348251243628579 [0.9988060883496198, 0.9995133574854435, 0.0, 0.0]
0.9348758591811401 [0.9988374657050255, 0.9995106218353704, 0.0, 0.0]
0.934703495669559 [0.9988075870610922, 0.9995634388564499, 0.0, 0.0]
0.9366580525182415 [0.998830962187226, 0.9995321149468929, 0.0, 0.0]
0.9360354036595817 [0.9988458478608759, 0.9995628378290459, 0.0, 0.0]
0.9357572118636225 [0.9988367092191885, 0.9995183852365221, 0.0, 0.0]
0.9341995996268759 [0.9989021861246719, 0.9995691762718771, 0.0, 0.0]
0.9349634338442072 [0.9988506022019265, 0.999512828796643, 0.0, 0.0]
0.934554979883314 [0.9988964110417892, 0.9995302530759456, 0.0, 0.0]
0.9363844991930127 [0.9988492777628768, 0.9995271465976703, 0.0, 0.0]
0.9338971670599605 [0.9988259966669429, 0.9995755303373767, 0.0, 0.0]
0.9339114190652527 [0.9988932912323665, 0.9995213823137792, 0.0, 0.0]
0.934890424756291 [0.9988266600348501, 0.9995106722859532, 0.0, 0.0]
0.9360951825207846 [0.9988280783895304, 0.9995578621537378, 0.0, 0.0]
0.9351848131614091 [0.9987892645890443, 0.9995415605304016, 0.0, 0.0]
0.9349695374262924 [0.9988699214846797, 0.99951824922785, 0.0, 0.0]
0.9343782220684076 [0.9988574157114485, 0.9995098742100955, 0.0, 0.0]
0.9343513364287208 [0.998801477372252, 0.9995103054578124, 0.0, 0.0]
0.9350060057030353 [0.9987916379317342, 0.999549331171829, 0.0, 0.0]
0.9356450171908125 [0.9988157524927235, 0.9995195051374375, 0.0, 0.0]
0.9339401305914335 [0.9987730650626322, 0.9995230967205754, 0.0, 0.0]
0.9364194397702137 [0.998852168038842, 0.9995283107809638, 0.0, 0.0]
0.9339618800228987 [0.9988149092182189, 0.9995046185714377, 0.0, 0.0]
0.9347115040449631 [0.9988698339669634, 0.99951606415509, 0.0, 0.0]
0.9361724134370667 [0.9988739835139381, 0.9995579442277779, 0.0, 0.0]
0.93553714300285 [0.9988725604430556, 0.9995249212565723, 0.0, 0.0]
0.9360292545344796 [0.9988823379106136, 0.9995544913588336, 0.0, 0.0]
0.9346922776896776 [0.9988463381210594, 0.9995100930425673, 0.0, 0.0]
0.9353225047657145 [0.9988250939414046, 0.9995649381911953, 0.0, 0.0]
0.9364626532163552 [0.9988359860167724, 0.9995552993566332, 0.0, 0.0]
0.9353327494771432 [0.9988502331839435, 0.9995699161653124, 0.0, 0.0]
0.9359678816941637 [0.9988357654731292, 0.999520652042033, 0.0, 0.0]
0.935871035330269 [0.9988461965853107, 0.9995203294872448, 0.0, 0.0]
0.9364011424949288 [0.9988231369042985, 0.9995288464839737, 0.0, 0.0]
0.934924723209643 [0.9988517402338296, 0.9995732086861521, 0.0, 0.0]
0.9360918585108828 [0.9988462257706427, 0.9995622526785755, 0.0, 0.0]
0.9352540466559004 [0.9988563841190011, 0.9995709210808587, 0.0, 0.0]
0.9342462126481141 [0.9988110808968994, 0.9995685203715962, 0.0, 0.0]
0.9352764980456632 [0.9988707838092188, 0.999521405720301, 0.0, 0.0]
0.9353929747587695 [0.9988889761009233, 0.999534802775779, 0.0, 0.0]
0.9354094882315074 [0.9988106867678808, 0.9995181889007704, 0.0, 0.0]
0.9340378662131 [0.9988568854128181, 0.9995074316662071, 0.0, 0.0]
0.9353314363442027 [0.9988950578551136, 0.999556857268205, 0.0, 0.0]
0.9363881551533171 [0.998873813011895, 0.9995525169983497, 0.0, 0.0]
0.9339528758446726 [0.9988105073711466, 0.9995051437888504, 0.0, 0.0]
0.9338620886677151 [0.9988133636624713, 0.9995040989557287, 0.0, 0.0]
0.9355540367247517 [0.9987966712402029, 0.9995435909297637, 0.0, 0.0]
0.9361484004456151 [0.9988133967060276, 0.9995487626433929, 0.0, 0.0]
0.9350623863979305 [0.9988578204496623, 0.9995724844368243, 0.0, 0.0]
0.9344156138620785 [0.9988265052514687, 0.9995070335397885, 0.0, 0.0]
0.9351123474417028 [0.9987871146816568, 0.9995328715935982, 0.0, 0.0]
0.9367418225813864 [0.9988428485600146, 0.9995516975738017, 0.0, 0.0]
0.9341947866272925 [0.9988458305592005, 0.9995065253079783, 0.0, 0.0]
0.9339511433380626 [0.9988953296688329, 0.999575236838936, 0.0, 0.0]
0.934264815488678 [0.9988336109520966, 0.99957500138278, 0.0, 0.0]
0.9357176292061601 [0.9988845817004427, 0.9995359893637388, 0.0, 0.0]
0.9360712377677096 [0.998854246615791, 0.9995241280111007, 0.0, 0.0]
0.9359656054399692 [0.9988732848519926, 0.9995307995719962, 0.0, 0.0]
0.9349273325802868 [0.9988398422126967, 0.9995716753128435, 0.0, 0.0]
0.9342190852378335 [0.9988913629765354, 0.9995743928779808, 0.0, 0.0]
0.9344699869064642 [0.998899376562703, 0.9995678610836686, 0.0, 0.0]
0.9349340990527639 [0.9988750932530539, 0.9995201372644822, 0.0, 0.0]
0.9340309732983554 [0.9988811835649742, 0.9995155648342381, 0.0, 0.0]
0.9351915305802169 [0.9988081932946675, 0.9995165078418885, 0.0, 0.0]
0.9355504827382386 [0.9988756217084939, 0.9995267079867238, 0.0, 0.0]
0.935126547870592 [0.9988679188011683, 0.9995188614703743, 0.0, 0.0]
0.9360608805739931 [0.9988833340611808, 0.9995443676186095, 0.0, 0.0]
0.9354983709525015 [0.9988274026076502, 0.9995640703070287, 0.0, 0.0]
0.935663762626124 [0.998854131671357, 0.9995672622949977, 0.0, 0.0]
0.9356634961035426 [0.9988583499512818, 0.999567328215452, 0.0, 0.0]
0.9346650733413547 [0.998890171999811, 0.9995263601458281, 0.0, 0.0]
0.9342588398412035 [0.9989087573464825, 0.9995612496138144, 0.0, 0.0]
0.9339778027209151 [0.998893033995282, 0.99957585026121, 0.0, 0.0]
0.9361631452606495 [0.9988288348007316, 0.9995235075906241, 0.0, 0.0]
0.9348212319194953 [0.9988634024688365, 0.9995147709520935, 0.0, 0.0]
0.9342410454102829 [0.99881847351995, 0.9995062559893981, 0.0, 0.0]
0.9343273943253828 [0.9988996433487319, 0.9995693969990839, 0.0, 0.0]
0.9363681310172418 [0.9988659136682753, 0.9995575824576257, 0.0, 0.0]
0.9351719417780117 [0.9988282981162162, 0.9995129663073327, 0.0, 0.0]
0.936193416902577 [0.9988321454513264, 0.9995235758051045, 0.0, 0.0]
0.9343697559495914 [0.9988591464889908, 0.9995102286166696, 0.0, 0.0]
0.9344755793786591 [0.9988039931902103, 0.9995106933581489, 0.0, 0.0]
0.9347667103909578 [0.9987966126994828, 0.9995163064385825, 0.0, 0.0]
0.9340374005039684 [0.9989010658105312, 0.9995286106349776, 0.0, 0.0]
0.9355771695447685 [0.9988594363052212, 0.9995202207230015, 0.0, 0.0]
0.9351231794607884 [0.9988796370907859, 0.9995242886715334, 0.0, 0.0]
0.9353458447755363 [0.9988413422419478, 0.9995147634325582, 0.0, 0.0]
0.9342665252737289 [0.9988558778004314, 0.9995087529996377, 0.0, 0.0]
0.93484336410509 [0.9988754008103365, 0.9995194711160239, 0.0, 0.0]
0.9353943560668084 [0.9988516244783772, 0.9995695137996827, 0.0, 0.0]
0.9348005014451485 [0.9988578048316048, 0.999513077614658, 0.0, 0.0]
0.9347307850537241 [0.9988945055182752, 0.9995306637378769, 0.0, 0.0]
0.9351680076865381 [0.9988782366778963, 0.9995239654535952, 0.0, 0.0]
0.9350860198435003 [0.9988645593112324, 0.9995722232066419, 0.0, 0.0]
0.9346581864567503 [0.9988214082245143, 0.9995691270362033, 0.0, 0.0]
0.9341788270629119 [0.9988124955032335, 0.9995695341733926, 0.0, 0.0]
0.9364471449474121 [0.9988436554480922, 0.9995572931611695, 0.0, 0.0]
0.9347445974034647 [0.9988311384221736, 0.9995711957229421, 0.0, 0.0]
0.9361166643639437 [0.9988124907516014, 0.9995283409332136, 0.0, 0.0]
0.9338193404546854 [0.9988324061912222, 0.9995774894657173, 0.0, 0.0]
0.933962820189147 [0.9989120855339405, 0.9995621279998586, 0.0, 0.0]
0.9343974316092976 [0.998863514216379, 0.9995115969494275, 0.0, 0.0]
0.9345603233593033 [0.9988605898278377, 0.9995119751075608, 0.0, 0.0]
0.9340501096014352 [0.9989084745660042, 0.9995372513537147, 0.0, 0.0]
0.9344874463482283 [0.9988067284327471, 0.9995648575619861, 0.0, 0.0]
0.9344216813600771 [0.9988073465854961, 0.9995656602766626, 0.0, 0.0]
0.934091692857304 [0.9988247572103681, 0.9995047976443375, 0.0, 0.0]
0.9343112891307085 [0.9987978929029389, 0.9995110918129301, 0.0, 0.0]
0.9349042748579829 [0.9988813546482461, 0.9995230734510292, 0.0, 0.0]
0.9355655616478356 [0.998884072917886, 0.9995328640737995, 0.0, 0.0]
0.936614158033786 [0.9988291464912578, 0.9995495001560182, 0.0, 0.0]
0.9348313814777445 [0.9987871465565279, 0.9995238514090935, 0.0, 0.0]
0.9351559658043475 [0.9987979619373528, 0.9995206020775882, 0.0, 0.0]
0.9338810959480698 [0.9988739189096194, 0.9995802510367585, 0.0, 0.0]
0.9362417161626292 [0.9988678481231416, 0.9995318561899479, 0.0, 0.0]
0.9368987741208668 [0.9988492756179069, 0.9995391715228717, 0.0, 0.0]
0.9338454613092386 [0.9987986603798503, 0.9995068533508108, 0.0, 0.0]
0.935277545510544 [0.9988696699133612, 0.9995701612311527, 0.0, 0.0]
0.9344177692573777 [0.9987869960872066, 0.9995534440073233, 0.0, 0.0]
0.9339492230585751 [0.9988871577269541, 0.9995179861839166, 0.0, 0.0]
0.9344162437017604 [0.9987852237797689, 0.9995187202527052, 0.0, 0.0]
0.9362692533112928 [0.9988528066234198, 0.999526296110992, 0.0, 0.0]
0.9349843741750731 [0.9988933682543528, 0.9995329747462198, 0.0, 0.0]
0.9349045434835599 [0.9988798326301925, 0.9995222324564249, 0.0, 0.0]
0.9351536291084768 [0.9988016955026764, 0.9995556331249233, 0.0, 0.0]
0.9363101630251693 [0.9988204503111172, 0.9995507990707716, 0.0, 0.0]
0.9359207880986159 [0.9988797637031444, 0.9995350498326776, 0.0, 0.0]
0.9341892220840263 [0.9988682442827588, 0.9995115718459135, 0.0, 0.0]
0.935240528478058 [0.9988339367138246, 0.9995134803540839, 0.0, 0.0]
0.9356262553275496 [0.998843377678438, 0.9995175245725773, 0.0, 0.0]
0.9363705992070679 [0.9988374676929896, 0.9995571140773802, 0.0, 0.0]
0.9344015367590635 [0.998822875581658, 0.99950709392114, 0.0, 0.0]
0.9345145635716211 [0.9988731017590656, 0.9995157605025482, 0.0, 0.0]
0.9348434008674134 [0.9988066696781777, 0.999561747327198, 0.0, 0.0]
0.9342554991569753 [0.9988941931287083, 0.9995251672378764, 0.0, 0.0]
0.9345542955142147 [0.9988428173653248, 0.9995086605665894, 0.0, 0.0]
0.934504021264455 [0.998858498387365, 0.9995765376122514, 0.0, 0.0]
0.9358937292329484 [0.998871991662834, 0.9995289852867818, 0.0, 0.0]
0.9345633739993157 [0.9988384790964686, 0.9995739927905771, 0.0, 0.0]
0.9353439784077396 [0.9988381455567497, 0.9995681116437982, 0.0, 0.0]
0.9360002422227133 [0.9988518694752715, 0.9995227406329833, 0.0, 0.0]
0.934397504117896 [0.9987783154049734, 0.9995257769069041, 0.0, 0.0]
0.9345912624227447 [0.9988721120065349, 0.9995159740517534, 0.0, 0.0]
0.9343009581381757 [0.9988766872176034, 0.9995155910215229, 0.0, 0.0]
0.9349054474236527 [0.9987953501350707, 0.9995186805926926, 0.0, 0.0]
0.9347236702057947 [0.9987989653566077, 0.9995147896136399, 0.0, 0.0]
0.9341585655421256 [0.9988524467951051, 0.9995073322348996, 0.0, 0.0]
0.9358601163755973 [0.9988134786642938, 0.999523158979165, 0.0, 0.0]
0.9349269407472807 [0.998789298959625, 0.9995481252123272, 0.0, 0.0]
0.9360908844330531 [0.9988395198150491, 0.999522176538991, 0.0, 0.0]
0.9340867337582675 [0.9988685678841777, 0.9995792475724471, 0.0, 0.0]
0.9346875758932083 [0.9987929222231214, 0.9995172717839912, 0.0, 0.0]
0.9346778300804188 [0.9988041307738604, 0.9995125164372232, 0.0, 0.0]
0.9347368119432877 [0.998873366062576, 0.9995742576347213, 0.0, 0.0]
0.936616503624121 [0.9988236234673759, 0.9995347835041113, 0.0, 0.0]
0.9348956571302526 [0.9988887645139898, 0.9995688750532193, 0.0, 0.0]
0.9347806506791176 [0.9988276445436702, 0.999570046082942, 0.0, 0.0]
0.9347985014039141 [0.9988785379680892, 0.9995729238547221, 0.0, 0.0]
0.9341018328672993 [0.9988391474376387, 0.9995770791808813, 0.0, 0.0]
0.9360454270932579 [0.9988723405460883, 0.999560839361935, 0.0, 0.0]
0.9341744514843546 [0.9987816417904106, 0.9995181035092798, 0.0, 0.0]
0.9349131276543666 [0.9989022561389878, 0.9995456343882053, 0.0, 0.0]
0.9366264738288276 [0.9988279087132529, 0.9995323741789282, 0.0, 0.0]
0.9339169865322321 [0.9988003952217475, 0.999506956638097, 0.0, 0.0]
0.9358193488316411 [0.9988642897943867, 0.9995244181497925, 0.0, 0.0]
0.934923899921636 [0.9988860663415489, 0.9995262129643948, 0.0, 0.0]
0.9350675843938041 [0.9988916250982669, 0.9995324444905989, 0.0, 0.0]
0.9338425037154052 [0.9988142906342635, 0.9995724301682026, 0.0, 0.0]
0.9357636574548266 [0.998852678191754, 0.9995203606642153, 0.0, 0.0]
0.9339364094008847 [0.9989056424429659, 0.9995320501978647, 0.0, 0.0]
0.9347292764728432 [0.9988851134687571, 0.9995236025255642, 0.0, 0.0]
0.9339025323128061 [0.9988629487702215, 0.9995804826867528, 0.0, 0.0]
0.9341283086812202 [0.9989070762522398, 0.9995659047535801, 0.0, 0.0]
0.9351016863578097 [0.9988985058591947, 0.9995423958618957, 0.0, 0.0]
0.935113787485396 [0.9988454493836174, 0.9995132461358527, 0.0, 0.0]
0.9343297683950603 [0.998883443321064, 0.9995190609361068, 0.0, 0.0]
0.9348766851607916 [0.9987853770832814, 0.9995436430852133, 0.0, 0.0]
0.9354636971129217 [0.9988394663736433, 0.9995673501975773, 0.0, 0.0]
0.93386968819313 [0.9988625341607856, 0.9995077042676488, 0.0, 0.0]
0.9343380610758548 [0.9987885935323153, 0.9995556786547507, 0.0, 0.0]
0.9349571771360584 [0.9988931237372078, 0.999532346172967, 0.0, 0.0]
0.934348671732488 [0.9988079966169532, 0.9995665099297439, 0.0, 0.0]
0.9361060223374683 [0.998876896756786, 0.9995575637504395, 0.0, 0.0]
0.9345277925059529 [0.9988212157271888, 0.99950816205056, 0.0, 0.0]
0.9346496546793917 [0.9988918571919859, 0.99952747054037, 0.0, 0.0]
0.9344361644492741 [0.9988165654863166, 0.9995691491322422, 0.0, 0.0]
0.933864186097789 [0.9988329679871071, 0.9995773410083855, 0.0, 0.0]
0.9345833435566909 [0.998883640249911, 0.9995735935810424, 0.0, 0.0]
0.9353243890314467 [0.9988945931618705, 0.9995409808072903, 0.0, 0.0]
0.9360798580938972 [0.9988125471139311, 0.9995494946679975, 0.0, 0.0]
0.9364593367179898 [0.9988253087109362, 0.9995292701402615, 0.0, 0.0]
0.9359588313254414 [0.9988629805363298, 0.9995639718072434, 0.0, 0.0]
0.935457286562321 [0.9988611249080467, 0.9995195734300523, 0.0, 0.0]
0.9359549728609439 [0.9988485723093388, 0.9995640042693336, 0.0, 0.0]
0.9343672937671637 [0.9989009812905134, 0.9995324489471529, 0.0, 0.0]
0.9358419050972977 [0.9988600368198678, 0.9995231599725414, 0.0, 0.0]
0.9354378612685498 [0.9988771805679292, 0.9995671097599713, 0.0, 0.0]
0.9351058172519041 [0.9988115974145148, 0.9995616558045383, 0.0, 0.0]
0.9355910985231901 [0.9988754721893323, 0.9995271072609503, 0.0, 0.0]
0.9349393909941668 [0.9988386902287973, 0.9995713799100091, 0.0, 0.0]
0.9344520916046676 [0.9988286253484813, 0.9995726210722913, 0.0, 0.0]
0.9339469757970652 [0.9988340238759832, 0.9995770618974803, 0.0, 0.0]
0.9356064416270059 [0.9988648837218277, 0.9995223291733917, 0.0, 0.0]
0.9338825412557885 [0.9988146597154394, 0.9995722947142898, 0.0, 0.0]
0.9345172387166489 [0.9988201999079704, 0.9995081687748422, 0.0, 0.0]
0.9342878295440072 [0.9989061169385313, 0.9995377368653368, 0.0, 0.0]
0.9344747149965142 [0.9988909232886632, 0.9995722476618701, 0.0, 0.0]
0.936376876316406 [0.9988279383029334, 0.9995537012218707, 0.0, 0.0]
0.9346991780046372 [0.9988243497061947, 0.999509268574353, 0.0, 0.0]
0.9351745328352846 [0.9988777100877394, 0.9995696899805713, 0.0, 0.0]
0.9359943931040419 [0.9988485920720883, 0.999522044487706, 0.0, 0.0]
0.9346605700949071 [0.9988444676965059, 0.999509619408731, 0.0, 0.0]
0.9338430863180017 [0.9988223923396514, 0.9995032112118551, 0.0, 0.0]
0.9338698350957043 [0.9987764650728362, 0.9995505599459454, 0.0, 0.0]
0.9338410817249527 [0.9988841495200147, 0.9995791758721992, 0.0, 0.0]
0.93391416713689 [0.9987943279647665, 0.9995087699689224, 0.0, 0.0]
0.9351241641465625 [0.9988129717252126, 0.9995621080953043, 0.0, 0.0]
0.9339746080886571 [0.9988615485928596, 0.9995800211843484, 0.0, 0.0]
0.9353954962327009 [0.9988671544327513, 0.999569362942509, 0.0, 0.0]
0.9339272189856007 [0.9988452545482113, 0.9995046947228716, 0.0, 0.0]
0.9349648694560224 [0.9987929813011901, 0.9995210501007076, 0.0, 0.0]
0.9359116253765225 [0.9988386596215476, 0.9995200864644261, 0.0, 0.0]
0.9358921749576565 [0.9988178530839208, 0.9995559722411237, 0.0, 0.0]
0.9346435822350803 [0.9988641842035575, 0.9995755998361912, 0.0, 0.0]
0.9343491677549767 [0.9988727771131715, 0.9995772025026375, 0.0, 0.0]
0.9340428998462368 [0.9988253063434902, 0.9995044464899999, 0.0, 0.0]
0.9348967365126805 [0.9988805071159766, 0.999522525856181, 0.0, 0.0]
0.9356345125179232 [0.998839395341514, 0.99956581455921, 0.0, 0.0]
0.9362555968878723 [0.9988489011517389, 0.9995252803472777, 0.0, 0.0]
0.9345409500551571 [0.9988705138231913, 0.9995149693780983, 0.0, 0.0]
0.9348650347548434 [0.9987829257316053, 0.9995368426986625, 0.0, 0.0]
0.9350307234028165 [0.9988613291104894, 0.9995158573625071, 0.0, 0.0]
0.9362256923841126 [0.9988412686757292, 0.999559896459763, 0.0, 0.0]
0.9340138876322797 [0.9988456914658769, 0.9995053113953132, 0.0, 0.0]
0.9348893264063156 [0.9988554724381671, 0.9995737061151201, 0.0, 0.0]
0.9357576971313444 [0.9988514058919913, 0.9995662235893741, 0.0, 0.0]
0.9351598049190832 [0.9988633221704352, 0.9995716720177252, 0.0, 0.0]
0.9365702344221966 [0.9988314327524555, 0.9995516732647238, 0.0, 0.0]
0.9342534117025056 [0.9988639422437688, 0.9995106942787534, 0.0, 0.0]
0.9346639623756301 [0.9987838108547126, 0.9995242348582999, 0.0, 0.0]
0.9361684533026146 [0.9988355827701196, 0.9995593182529224, 0.0, 0.0]
0.9348768205932728 [0.9988333413926622, 0.9995707456671984, 0.0, 0.0]
0.936058209791024 [0.9988114271346096, 0.9995489714863793, 0.0, 0.0]
0.9341367328577428 [0.9988608919063365, 0.999578998483423, 0.0, 0.0]
0.9353993698545415 [0.9988629849806755, 0.9995696349452098, 0.0, 0.0]
0.935522038847259 [0.9988318808055516, 0.9995160472388145, 0.0, 0.0]
0.9340680492753425 [0.9987758999833509, 0.9995467462412579, 0.0, 0.0]
0.9342171562232918 [0.9988598751824312, 0.9995784631283218, 0.0, 0.0]
0.9338853419177346 [0.9987938399387668, 0.9995633135430276, 0.0, 0.0]
0.9347595900356129 [0.9988374310920697, 0.9995097286469774, 0.0, 0.0]
0.9360327283597597 [0.998852883203525, 0.9995233416482578, 0.0, 0.0]
0.9351756623174592 [0.998876082099009, 0.9995700441562876, 0.0, 0.0]
0.934370255956316 [0.9988885872284986, 0.9995740084687068, 0.0, 0.0]
0.9341563932528065 [0.9988018330886662, 0.9995085279899837, 0.0, 0.0]
0.9356236359166356 [0.9988813389857684, 0.9995314684599623, 0.0, 0.0]
