0.9906403017895153 [0.9979857497815293, 0.9996036639553842, 0.0283923303834812, 5.62455383480823]
0.9877789458419151 [0.9980814316937535, 0.999623163063766, 0.0283923303834812, 5.62455383480823]
0.9953597816250148 [0.9984354106495982, 0.9995862636644801, 0.04209748892171342, 3.813604135893647]
0.990496036004353 [0.9985600480973761, 0.9996684213656503, 0.04209748892171342, 3.813604135893647]
0.9815557970664313 [0.9980815779822269, 0.9994841148235982, 0.22303206997084557, -16.086282798833825]
0.9768754867615168 [0.9983411202502234, 0.9995292718155745, 0.023853894893775637, 4.89327245620573]
0.9774795573431864 [0.998463944575183, 0.9995694778224972, 0.023853894893775637, 4.89327245620573]
0.9732333819419686 [0.9981651696664039, 0.999590692552496, 0.023853894893775637, 4.89327245620573]
0.9866601900580148 [0.9981874261039535, 0.999509788010083, 0.23254139668826532, -15.724197264218889]
0.9845760801389493 [0.998165569960206, 0.9995971410914255, 0.26363308053448886, -17.47059227157818]
0.9884010482053605 [0.9979903139918458, 0.9996522714114785, 0.12435233160621799, -1.6111917098445878]
0.9863200246161129 [0.9984251602691999, 0.9996480477345292, 0.0860215053763438, -0.7313978494623367]
0.9832241675962134 [0.9978490568299122, 0.9995422608586281, -0.07906458797327436, 15.200512249443241]
0.9939842475106663 [0.9981392325946855, 0.9996211871595608, -0.015953589557650607, 10.628883248730965]
0.9840279616015769 [0.9980167761297873, 0.9996049381795264, -0.07906458797327436, 15.200512249443241]
0.9825140792035477 [0.9982178869924456, 0.9996091692950383, -0.07906458797327436, 15.200512249443241]
