0.9352112707814797 [0.9988136713919591, 0.9995615918897842, 0.0, 0.0, 0.0]
0.9357631219023519 [0.9988198135596309, 0.9995585177731718, 0.0, 0.0, 0.0]
0.9360020577158579 [0.9988600411664579, 0.9995250124532576, 0.0, 0.0, 0.0]
0.9353162246161663 [0.9988327744829356, 0.9995141374321529, 0.0, 0.0, 0.0]
0.9363326865249487 [0.9988593580514847, 0.9995594521220866, 0.0, 0.0, 0.0]
0.9349755848636371 [0.9987850433429473, 0.9995389903482726, 0.0, 0.0, 0.0]
0.9358668031556668 [0.9988633531411764, 0.9995246041967898, 0.0, 0.0, 0.0]
0.9361581257570919 [0.998845835056724, 0.9995614347038624, 0.0, 0.0, 0.0]
0.9354374756680712 [0.9988883773987599, 0.9995349282566033, 0.0, 0.0, 0.0]
0.935845127605537 [0.9988482330285838, 0.9995651006150017, 0.0, 0.0, 0.0]
0.93582087286936 [0.9988860227148925, 0.9995560458367712, 0.0, 0.0, 0.0]
0.9351055214457857 [0.9988581713437394, 0.9995156172401383, 0.0, 0.0, 0.0]
0.935212202037127 [0.9987908307304697, 0.9995282313172483, 0.0, 0.0, 0.0]
0.9350351904674228 [0.9988636015830424, 0.9995165818703521, 0.0, 0.0, 0.0]
0.9353097991954433 [0.9988858625483548, 0.9995306824171329, 0.0, 0.0, 0.0]
0.9357053593775324 [0.998871677395333, 0.999526410810441, 0.0, 0.0, 0.0]
0.9356741136838258 [0.9988397129272838, 0.9995176816391071, 0.0, 0.0, 0.0]
0.935081675894774 [0.9988045656403312, 0.9995165377211184, 0.0, 0.0, 0.0]
0.9362974576841847 [0.9988379008414995, 0.9995582413305879, 0.0, 0.0, 0.0]
0.9357377165908667 [0.9988429011571659, 0.9995185691255327, 0.0, 0.0, 0.0]
0.9358230487627134 [0.9988589164233573, 0.9995226018733737, 0.0, 0.0, 0.0]
0.9364027594139249 [0.9988581205654197, 0.9995585039088133, 0.0, 0.0, 0.0]
0.9352718722597361 [0.998847792888584, 0.9995148949845143, 0.0, 0.0, 0.0]
0.9357412282306943 [0.9988770725464428, 0.9995634748472462, 0.0, 0.0, 0.0]
0.9350785761883755 [0.9988675498030515, 0.9995720966419208, 0.0, 0.0, 0.0]
0.9356788707041634 [0.9988277270666879, 0.9995178334674624, 0.0, 0.0, 0.0]
0.9351338961679536 [0.9988436922580528, 0.9995707369032784, 0.0, 0.0, 0.0]
0.935159799241704 [0.9988628186260615, 0.9995716893124283, 0.0, 0.0, 0.0]
0.9364305914176239 [0.9988350652795163, 0.9995268724225318, 0.0, 0.0, 0.0]
0.9351196937948001 [0.9988064189754694, 0.9995163023630522, 0.0, 0.0, 0.0]
0.9362375460341672 [0.9988450411273638, 0.9995603627847957, 0.0, 0.0, 0.0]
0.9349749054546466 [0.998901741743518, 0.9995541028960752, 0.0, 0.0, 0.0]
0.9357879685038815 [0.9988477394154454, 0.9995656141355632, 0.0, 0.0, 0.0]
0.9352438401476013 [0.9988110468820255, 0.9995162242188019, 0.0, 0.0, 0.0]
0.9355165791717484 [0.9988911734896682, 0.9995575908375023, 0.0, 0.0, 0.0]
0.9360507767683452 [0.9988227034015017, 0.999523047467333, 0.0, 0.0, 0.0]
0.9357241863739986 [0.9988390038451317, 0.9995181385476681, 0.0, 0.0, 0.0]
0.936374822084158 [0.9988300652786536, 0.9995546402953448, 0.0, 0.0, 0.0]
0.9359941226924335 [0.9988609023064035, 0.9995637466118669, 0.0, 0.0, 0.0]
0.935413983074624 [0.9988931029758056, 0.9995407427881843, 0.0, 0.0, 0.0]
0.9354680137981259 [0.9988145296106504, 0.999559373670678, 0.0, 0.0, 0.0]
0.9350217467530608 [0.9988001718246141, 0.9995561798078926, 0.0, 0.0, 0.0]
0.9352919615433897 [0.9987915562290899, 0.9995295748701875, 0.0, 0.0, 0.0]
0.9355302045655502 [0.998877099067915, 0.9995273320899567, 0.0, 0.0, 0.0]
0.936465505516367 [0.99884626585086, 0.9995573799382329, 0.0, 0.0, 0.0]
0.9354151507332819 [0.9988945072816615, 0.9995550417493901, 0.0, 0.0, 0.0]
0.9355434665301153 [0.9987952274892615, 0.9995408210849591, 0.0, 0.0, 0.0]
0.9352940821609469 [0.9988240071460165, 0.9995648353781851, 0.0, 0.0, 0.0]
0.9353307592276598 [0.99879506978838, 0.9995470663868875, 0.0, 0.0, 0.0]
0.9354410863526922 [0.9988885995263386, 0.9995352287884856, 0.0, 0.0, 0.0]
0.9349964885962738 [0.9988901880370513, 0.9995670251778918, 0.0, 0.0, 0.0]
0.9355889659403814 [0.9988162539234708, 0.9995187067712468, 0.0, 0.0, 0.0]
0.935920445245224 [0.9988699618943031, 0.9995282298714432, 0.0, 0.0, 0.0]
0.9361570655624027 [0.9988683204802555, 0.9995307464499285, 0.0, 0.0, 0.0]
0.9356761072499745 [0.9988262057528049, 0.9995179469823199, 0.0, 0.0, 0.0]
0.9360476460230986 [0.9988676048355161, 0.9995287485327341, 0.0, 0.0, 0.0]
0.9352543304156576 [0.9988556748703448, 0.9995708949707702, 0.0, 0.0, 0.0]
0.9353780610058786 [0.9988758044843464, 0.9995248592641199, 0.0, 0.0, 0.0]
0.9352436544442653 [0.9987919069762002, 0.9995447413844885, 0.0, 0.0, 0.0]
0.9358137667237589 [0.998867196631874, 0.9995650939033128, 0.0, 0.0, 0.0]
0.9364173606555528 [0.9988592753955232, 0.9995581390817323, 0.0, 0.0, 0.0]
0.9350055195280321 [0.9988479852351534, 0.9995722570502464, 0.0, 0.0, 0.0]
0.9355434760564049 [0.9988577793271298, 0.9995684519006902, 0.0, 0.0, 0.0]
0.9350735668184927 [0.9988806932184524, 0.9995699039689453, 0.0, 0.0, 0.0]
0.9354809217037676 [0.9988401176353894, 0.9995158760579524, 0.0, 0.0, 0.0]
0.9356831143717527 [0.9988385725107384, 0.9995177066904427, 0.0, 0.0, 0.0]
0.9362559714849558 [0.9988794614764163, 0.999546865983763, 0.0, 0.0, 0.0]
0.9358785075410284 [0.9988821714921563, 0.9995585009068134, 0.0, 0.0, 0.0]
0.9352674004304542 [0.998872251637884, 0.9995219664720166, 0.0, 0.0, 0.0]
0.9351642715933599 [0.9987921989714635, 0.9995252998751486, 0.0, 0.0, 0.0]
0.9355644630347691 [0.9988490993197516, 0.9995678302835369, 0.0, 0.0, 0.0]
0.9364920763578547 [0.998840602220555, 0.999527792679963, 0.0, 0.0, 0.0]
0.9367671961785606 [0.9988473298608191, 0.9995339658063682, 0.0, 0.0, 0.0]
0.9350280344722038 [0.9988814156896231, 0.999570145528216, 0.0, 0.0, 0.0]
0.9350593373410425 [0.998786928587212, 0.9995304259597433, 0.0, 0.0, 0.0]
0.9367658593372399 [0.9988369482939388, 0.9995337150604059, 0.0, 0.0, 0.0]
0.9356069854714177 [0.9988149141106955, 0.9995192748399209, 0.0, 0.0, 0.0]
0.9354112481290061 [0.9988933876063044, 0.9995572648222977, 0.0, 0.0, 0.0]
0.9357334714025908 [0.9988229157494801, 0.9995601496961842, 0.0, 0.0, 0.0]
0.9355221878658665 [0.9988609138934268, 0.9995201306959843, 0.0, 0.0, 0.0]
0.9361611769061657 [0.9988757734182463, 0.9995571219829568, 0.0, 0.0, 0.0]
0.9354897003115636 [0.9988686047260408, 0.9995226019555251, 0.0, 0.0, 0.0]
0.936178978737794 [0.9988639737503555, 0.9995610334427888, 0.0, 0.0, 0.0]
0.9353686045576278 [0.9988913127125685, 0.9995607014072019, 0.0, 0.0, 0.0]
0.9357564160590095 [0.9988741425981521, 0.9995284034591372, 0.0, 0.0, 0.0]
0.9350064140663105 [0.9988061107225193, 0.9995151853844819, 0.0, 0.0, 0.0]
0.9353637967109579 [0.998816793000069, 0.999561470303364, 0.0, 0.0, 0.0]
0.9365695344974654 [0.9988607374114766, 0.9995341656332097, 0.0, 0.0, 0.0]
0.9351725698612504 [0.9988063309258473, 0.9995582803018785, 0.0, 0.0, 0.0]
0.935708193699765 [0.9988289807177896, 0.9995625280732126, 0.0, 0.0, 0.0]
0.935176308405729 [0.9988104890484909, 0.999515661880193, 0.0, 0.0, 0.0]
0.9357455498089804 [0.9988743443549676, 0.9995643259389847, 0.0, 0.0, 0.0]
0.9361731437281609 [0.9988536634384276, 0.9995618230102915, 0.0, 0.0, 0.0]
0.935879568086614 [0.9988037795477164, 0.9995302244371455, 0.0, 0.0, 0.0]
0.9360056079530954 [0.9988084877686432, 0.9995472756772377, 0.0, 0.0, 0.0]
0.935226075913473 [0.9988920220023847, 0.9995353102240979, 0.0, 0.0, 0.0]
0.9357477632878051 [0.9988647272304031, 0.9995237832554996, 0.0, 0.0, 0.0]
0.9352032544619917 [0.9988094925872887, 0.9995162342053953, 0.0, 0.0, 0.0]
0.9357500097316666 [0.9988394972542357, 0.9995184267632576, 0.0, 0.0, 0.0]
0.934998511726926 [0.9988482907426792, 0.9995127218007235, 0.0, 0.0, 0.0]
0.9364366371368821 [0.9988554889356039, 0.9995295261371385, 0.0, 0.0, 0.0]
0.9350391371481794 [0.99880315299522, 0.9995165952523969, 0.0, 0.0, 0.0]
0.9361919208206265 [0.9988504888769825, 0.9995247594667336, 0.0, 0.0, 0.0]
0.9357457624039138 [0.9988255355252006, 0.9995187808917513, 0.0, 0.0, 0.0]
0.9364473903258326 [0.9988167403596748, 0.9995430986494127, 0.0, 0.0, 0.0]
0.9357027747169928 [0.9987995084765532, 0.9995304029575793, 0.0, 0.0, 0.0]
0.9361775831454788 [0.9988245039095385, 0.9995244860898003, 0.0, 0.0, 0.0]
0.9360974601561085 [0.9988477337123249, 0.9995623569486569, 0.0, 0.0, 0.0]
0.93585441968663 [0.9988516571660369, 0.9995652816515233, 0.0, 0.0, 0.0]
0.9354827572549271 [0.9988577926421575, 0.9995188531691098, 0.0, 0.0, 0.0]
0.9358434863795132 [0.9988722693990572, 0.999528466914512, 0.0, 0.0, 0.0]
0.9360244967361921 [0.9988778126916934, 0.999558624763871, 0.0, 0.0, 0.0]
0.9351998440630178 [0.9988553759324419, 0.9995713234025237, 0.0, 0.0, 0.0]
0.9353828707044649 [0.9988128710738113, 0.9995594806279978, 0.0, 0.0, 0.0]
0.9353547802611698 [0.9988833422377069, 0.9995659215268154, 0.0, 0.0, 0.0]
0.936509820223392 [0.9988285022995774, 0.9995515106931263, 0.0, 0.0, 0.0]
0.9360130593686034 [0.998857200757268, 0.9995242435188108, 0.0, 0.0, 0.0]
0.9354754461046989 [0.9988878670304874, 0.9995350452042793, 0.0, 0.0, 0.0]
0.9355379226055587 [0.998833626923554, 0.9995161794953321, 0.0, 0.0, 0.0]
0.9361290322844635 [0.9988454021631356, 0.9995617207918793, 0.0, 0.0, 0.0]
0.9359681534853272 [0.9988596817779096, 0.9995244870502057, 0.0, 0.0, 0.0]
0.9366199869232786 [0.9988651272278952, 0.9995519011784262, 0.0, 0.0, 0.0]
0.9350094013116943 [0.9988818885275781, 0.9995701908320714, 0.0, 0.0, 0.0]
0.93601598433745 [0.9988646109387328, 0.9995630815640574, 0.0, 0.0, 0.0]
0.9355379893865157 [0.9987999422403292, 0.9995483784345385, 0.0, 0.0, 0.0]
0.9364146991617827 [0.9988300827332737, 0.9995271923318257, 0.0, 0.0, 0.0]
0.9351153776248917 [0.9988529144896457, 0.9995144920867034, 0.0, 0.0, 0.0]
0.9351558500333077 [0.9988385442009423, 0.9995129359050319, 0.0, 0.0, 0.0]
0.9350697831118941 [0.9988446156692944, 0.999512784779607, 0.0, 0.0, 0.0]
0.9356296937555983 [0.9988534148078085, 0.9995191853637028, 0.0, 0.0, 0.0]
0.935233839748878 [0.9988281128346908, 0.9995135191830029, 0.0, 0.0, 0.0]
0.9354515241605962 [0.9988635281104671, 0.9995202981106026, 0.0, 0.0, 0.0]
0.9351328599595093 [0.9988757370006537, 0.9995223073606792, 0.0, 0.0, 0.0]
0.9357376406696551 [0.998884070054872, 0.9995598245113269, 0.0, 0.0, 0.0]
0.9359513540405325 [0.998821718508893, 0.9995219117333886, 0.0, 0.0, 0.0]
0.9351197624404932 [0.9988836789778148, 0.9995684812775602, 0.0, 0.0, 0.0]
0.9364571599183265 [0.9988216616810188, 0.9995483586264787, 0.0, 0.0, 0.0]
0.9362649313612036 [0.9988768899388043, 0.9995533964331043, 0.0, 0.0, 0.0]
0.9365376093517395 [0.9988432206961864, 0.9995287115696353, 0.0, 0.0, 0.0]
0.9356968662408238 [0.9988042228319184, 0.9995254342345817, 0.0, 0.0, 0.0]
0.9363417004141594 [0.9988288522621833, 0.9995546733066379, 0.0, 0.0, 0.0]
0.9359213442604665 [0.9988159810284515, 0.9995231302749531, 0.0, 0.0, 0.0]
