Raw Data 		Experiment - 20210108 CF07 JW_3 (Run on LightScanner 32 1.0.0.33)
SamplePos	SampleName	Prog#	Seg#	Cycle#	Time	Temp	470-530	470-640	470-705	
1	Sample 1	2	3	1	53850	71.6700	5.4215	1.1841	0.9934
1	Sample 1	2	3	2	87150	72.0900	5.4520	1.1902	1.0010
1	Sample 1	2	3	3	120850	72.1200	5.5039	1.1917	0.9934
1	Sample 1	2	3	4	154550	72.1000	5.5695	1.1963	0.9949
1	Sample 1	2	3	5	188600	72.1100	5.6153	1.2024	1.0010
1	Sample 1	2	3	6	222800	72.1500	5.6718	1.2039	0.9934
1	Sample 1	2	3	7	257250	72.1100	5.7465	1.2085	0.9995
1	Sample 1	2	3	8	291600	72.1200	5.7969	1.2100	0.9995
1	Sample 1	2	3	9	326200	72.0900	5.8671	1.2146	0.9995
1	Sample 1	2	3	10	360650	72.1600	5.8900	1.2131	0.9979
1	Sample 1	2	3	11	395100	71.9900	5.9892	1.2253	1.0086
1	Sample 1	2	3	12	429700	72.1000	5.9739	1.2207	0.9995
1	Sample 1	2	3	13	464300	72.0500	6.0166	1.2238	1.0101
1	Sample 1	2	3	14	499150	72.1200	6.0700	1.2284	1.0040
1	Sample 1	2	3	15	533700	72.1800	6.0838	1.2253	1.0071
1	Sample 1	2	3	16	568400	72.1400	6.1128	1.2284	1.0040
1	Sample 1	2	3	17	603150	72.1300	6.1295	1.2329	1.0132
1	Sample 1	2	3	18	637800	72.1300	6.1845	1.2345	1.0056
1	Sample 1	2	3	19	672550	72.1000	6.2058	1.2360	1.0147
1	Sample 1	2	3	20	707250	72.0800	6.2425	1.2375	1.0132
1	Sample 1	2	3	21	742050	71.9900	6.2852	1.2406	1.0132
1	Sample 1	2	3	22	776800	72.2100	6.2623	1.2421	1.0132
1	Sample 1	2	3	23	811700	72.0800	6.3142	1.2451	1.0163
1	Sample 1	2	3	24	846550	72.0200	6.3294	1.2421	1.0163
1	Sample 1	2	3	25	881450	72.1800	6.3172	1.2467	1.0224
1	Sample 1	2	3	26	916350	72.2400	6.3264	1.2451	1.0117
1	Sample 1	2	3	27	951200	72.1100	6.3981	1.2512	1.0163
1	Sample 1	2	3	28	986450	72.2700	6.3416	1.2497	1.0208
1	Sample 1	2	3	29	1021950	72.0700	6.4118	1.2512	1.0239
1	Sample 1	2	3	30	1057250	72.1400	6.4042	1.2512	1.0193
1	Sample 1	2	3	31	1092750	72.1300	6.4179	1.2558	1.0193
1	Sample 1	2	3	32	1128250	72.1400	6.4469	1.2589	1.0193
1	Sample 1	2	3	33	1164050	72.1300	6.4607	1.2589	1.0254
1	Sample 1	2	3	34	1200150	72.2400	6.4530	1.2619	1.0300
1	Sample 1	2	3	35	1236250	72.1200	6.4881	1.2665	1.0346
1	Sample 1	2	3	36	1272500	72.0800	6.4973	1.2680	1.0300
1	Sample 1	2	3	37	1308550	72.1400	6.4973	1.2696	1.0315
1	Sample 1	2	3	38	1344900	72.1500	6.4485	1.2680	1.0346
1	Sample 1	2	3	39	1381200	72.1400	6.4836	1.2741	1.0376
1	Sample 1	2	3	40	1417700	72.0800	6.5019	1.2772	1.0437
1	Sample 1	3	2	1	1429200	59.9800	12.2484	1.5885	1.1475
1	Sample 1	3	2	1	1430550	61.0800	11.9692	1.5702	1.1383
1	Sample 1	3	2	1	1431950	61.2600	12.0287	1.5671	1.1398
1	Sample 1	3	2	1	1433350	61.4200	12.1172	1.5671	1.1292
1	Sample 1	3	2	1	1434750	61.5800	12.1370	1.5717	1.1398
1	Sample 1	3	2	1	1436150	61.7800	12.0485	1.5610	1.1276
1	Sample 1	3	2	1	1437550	61.9600	11.9493	1.5549	1.1292
1	Sample 1	3	2	1	1438900	62.1400	11.8441	1.5503	1.1307
1	Sample 1	3	2	1	1440300	62.3400	11.7418	1.5366	1.1200
1	Sample 1	3	2	1	1441700	62.5500	11.5496	1.5290	1.1200
1	Sample 1	3	2	1	1443100	62.7700	11.3527	1.5213	1.1215
1	Sample 1	3	2	1	1444450	62.9500	11.2078	1.5091	1.1124
1	Sample 1	3	2	1	1445850	63.1900	11.0521	1.5015	1.1093
1	Sample 1	3	2	1	1447250	63.4200	10.8568	1.4923	1.1139
1	Sample 1	3	2	1	1448650	63.6500	10.6828	1.4847	1.1093
1	Sample 1	3	2	1	1450000	63.8900	10.5028	1.4710	1.1002
1	Sample 1	3	2	1	1451400	64.1500	10.3075	1.4649	1.1048
1	Sample 1	3	2	1	1452800	64.4000	10.1549	1.4588	1.1032
1	Sample 1	3	2	1	1454200	64.5900	10.0084	1.4466	1.0986
1	Sample 1	3	2	1	1455550	64.7900	9.8528	1.4374	1.0956
1	Sample 1	3	2	1	1456950	65.1100	9.6422	1.4267	1.0849
1	Sample 1	3	2	1	1458350	65.3400	9.5216	1.4221	1.0910
1	Sample 1	3	2	1	1459750	65.5700	9.3462	1.4130	1.0880
1	Sample 1	3	2	1	1461100	65.8800	9.1630	1.4023	1.0819
1	Sample 1	3	2	1	1462500	66.1300	9.0288	1.3931	1.0788
1	Sample 1	3	2	1	1463900	66.3500	8.8945	1.3840	1.0758
1	Sample 1	3	2	1	1465300	66.5700	8.7434	1.3779	1.0758
1	Sample 1	3	2	1	1466650	66.9400	8.5466	1.3718	1.0758
1	Sample 1	3	2	1	1468050	67.1200	8.4337	1.3596	1.0727
1	Sample 1	3	2	1	1469450	67.3600	8.3360	1.3535	1.0651
1	Sample 1	3	2	1	1470850	67.6300	8.1987	1.3489	1.0575
1	Sample 1	3	2	1	1472250	67.9900	8.0049	1.3382	1.0651
1	Sample 1	3	2	1	1473600	68.2400	7.8904	1.3352	1.0559
1	Sample 1	3	2	1	1475000	68.5200	7.7501	1.3214	1.0513
1	Sample 1	3	2	1	1476400	68.8100	7.6066	1.3153	1.0498
1	Sample 1	3	2	1	1477750	69.0900	7.4678	1.3092	1.0452
1	Sample 1	3	2	1	1479150	69.3400	7.3564	1.3001	1.0468
1	Sample 1	3	2	1	1480550	69.5900	7.2526	1.2970	1.0498
1	Sample 1	3	2	1	1481950	69.8300	7.1565	1.2909	1.0468
1	Sample 1	3	2	1	1483300	70.2000	7.0344	1.2818	1.0422
1	Sample 1	3	2	1	1484700	70.4800	6.8803	1.2726	1.0361
1	Sample 1	3	2	1	1486100	70.7000	6.7979	1.2696	1.0391
1	Sample 1	3	2	1	1487450	70.9200	6.6957	1.2650	1.0391
1	Sample 1	3	2	1	1488850	71.2300	6.6133	1.2589	1.0361
1	Sample 1	3	2	1	1490250	71.4500	6.5202	1.2512	1.0346
1	Sample 1	3	2	1	1491650	71.7600	6.3859	1.2436	1.0300
1	Sample 1	3	2	1	1493000	72.0800	6.2959	1.2345	1.0239
1	Sample 1	3	2	1	1494400	72.3600	6.2104	1.2345	1.0269
1	Sample 1	3	2	1	1495800	72.6300	6.1173	1.2268	1.0178
1	Sample 1	3	2	1	1497150	72.8900	6.0304	1.2268	1.0208
1	Sample 1	3	2	1	1498550	73.1600	5.9510	1.2177	1.0208
1	Sample 1	3	2	1	1499950	73.4700	5.8610	1.2146	1.0208
1	Sample 1	3	2	1	1501350	73.7100	5.7877	1.2100	1.0193
1	Sample 1	3	2	1	1502700	73.9900	5.6855	1.1994	1.0086
1	Sample 1	3	2	1	1504100	74.2500	5.6321	1.1994	1.0101
1	Sample 1	3	2	1	1505500	74.5000	5.5573	1.1948	1.0117
1	Sample 1	3	2	1	1506850	74.8200	5.4902	1.1902	1.0071
1	Sample 1	3	2	1	1508250	75.1000	5.4108	1.1841	1.0071
1	Sample 1	3	2	1	1509650	75.4000	5.3346	1.1826	1.0101
1	Sample 1	3	2	1	1511050	75.7000	5.2583	1.1749	1.0056
1	Sample 1	3	2	1	1512400	75.9700	5.1942	1.1688	1.0040
1	Sample 1	3	2	1	1513800	76.2700	5.1240	1.1627	0.9979
1	Sample 1	3	2	1	1515200	76.5000	5.0675	1.1612	0.9949
1	Sample 1	3	2	1	1516550	76.7600	5.0065	1.1582	0.9934
1	Sample 1	3	2	1	1517950	77.0200	4.9424	1.1536	0.9949
1	Sample 1	3	2	1	1519350	77.3100	4.8905	1.1490	0.9949
1	Sample 1	3	2	1	1520750	77.6000	4.8295	1.1444	0.9857
1	Sample 1	3	2	1	1522100	77.8800	4.7684	1.1414	0.9888
1	Sample 1	3	2	1	1523500	78.2000	4.7196	1.1383	0.9903
1	Sample 1	3	2	1	1524900	78.4700	4.6616	1.1353	0.9934
1	Sample 1	3	2	1	1526250	78.7600	4.6067	1.1337	0.9873
1	Sample 1	3	2	1	1527650	79.0300	4.5686	1.1276	0.9842
1	Sample 1	3	2	1	1529050	79.3200	4.5090	1.1231	0.9827
1	Sample 1	3	2	1	1530450	79.5700	4.4678	1.1215	0.9827
1	Sample 1	3	2	1	1531800	79.8700	4.4144	1.1170	0.9812
1	Sample 1	3	2	1	1533200	80.1300	4.3748	1.1139	0.9857
1	Sample 1	3	2	1	1534600	80.4200	4.3122	1.1093	0.9827
1	Sample 1	3	2	1	1535950	80.7000	4.2741	1.1093	0.9812
1	Sample 1	3	2	1	1537350	80.9800	4.2313	1.1017	0.9735
1	Sample 1	3	2	1	1538750	81.2500	4.1901	1.1002	0.9735
1	Sample 1	3	2	1	1540100	81.5100	4.1520	1.0941	0.9735
1	Sample 1	3	2	1	1541500	81.8100	4.1032	1.0941	0.9735
1	Sample 1	3	2	1	1542900	82.1000	4.0513	1.0910	0.9735
1	Sample 1	3	2	1	1544250	82.3800	4.0131	1.0864	0.9766
1	Sample 1	3	2	1	1545650	82.6600	3.9719	1.0849	0.9751
1	Sample 1	3	2	1	1547050	82.9500	3.9353	1.0788	0.9705
1	Sample 1	3	2	1	1548400	83.2200	3.8926	1.0788	0.9659
1	Sample 1	3	2	1	1549800	83.5100	3.8560	1.0712	0.9613
1	Sample 1	3	2	1	1551150	83.8100	3.8163	1.0727	0.9674
1	Sample 1	3	2	1	1552550	84.0800	3.7812	1.0697	0.9644
1	Sample 1	3	2	1	1553950	84.3800	3.7430	1.0681	0.9674
1	Sample 1	3	2	1	1555300	84.7200	3.7018	1.0636	0.9674
1	Sample 1	3	2	1	1556700	84.9400	3.6713	1.0590	0.9628
1	Sample 1	3	2	1	1558100	85.2300	3.6347	1.0605	0.9628
1	Sample 1	3	2	1	1559450	85.5000	3.6088	1.0575	0.9628
1	Sample 1	3	2	1	1560850	85.7800	3.5737	1.0544	0.9583
1	Sample 1	3	2	1	1562200	86.0000	3.5447	1.0513	0.9583
1	Sample 1	3	2	1	1563600	86.3500	3.5050	1.0468	0.9583
1	Sample 1	3	2	1	1564950	86.6000	3.4714	1.0437	0.9537
1	Sample 1	3	2	1	1566350	86.8500	3.4516	1.0422	0.9552
1	Sample 1	3	2	1	1567700	87.1400	3.4180	1.0361	0.9491
1	Sample 1	3	2	1	1569100	87.4000	3.3875	1.0361	0.9552
1	Sample 1	3	2	1	1570500	87.6700	3.3600	1.0346	0.9537
1	Sample 1	3	2	1	1571850	87.9900	3.3280	1.0285	0.9476
1	Sample 1	3	2	1	1573250	88.2600	3.2990	1.0300	0.9506
1	Sample 1	3	2	1	1574600	88.5300	3.2670	1.0239	0.9476
1	Sample 1	3	2	1	1576000	88.8700	3.2425	1.0224	0.9476
1	Sample 1	3	2	1	1577350	89.1200	3.2151	1.0239	0.9476
1	Sample 1	3	2	1	1578750	89.3800	3.1876	1.0178	0.9415
1	Sample 1	3	2	1	1580100	89.6300	3.1647	1.0163	0.9461
1	Sample 1	3	2	1	1581500	89.8800	3.1388	1.0147	0.9461
1	Sample 1	3	2	1	1582900	90.1900	3.1189	1.0147	0.9415
1	Sample 1	3	2	1	1584250	90.5100	3.0854	1.0071	0.9430
1	Sample 1	3	2	1	1585650	90.7900	3.0625	1.0086	0.9430
1	Sample 1	3	2	1	1587000	91.1500	3.0350	1.0040	0.9384
1	Sample 1	3	2	1	1588400	91.3700	3.0137	1.0040	0.9369
1	Sample 1	3	2	1	1589800	91.6800	2.9938	1.0025	0.9461
1	Sample 1	3	2	1	1591150	91.9800	2.9694	1.0010	0.9369
1	Sample 1	3	2	1	1592550	92.2500	2.9419	0.9964	0.9354
1	Sample 1	3	2	1	1593900	92.5300	2.9191	0.9964	0.9415
1	Sample 1	3	2	1	1595300	92.8000	2.9023	0.9964	0.9384
1	Sample 1	3	2	1	1596650	93.0800	2.8763	0.9888	0.9308
1	Sample 1	3	2	1	1598050	93.3300	2.8565	0.9903	0.9308
1	Sample 1	3	2	1	1599450	93.5800	2.8382	0.9888	0.9354
1	Sample 1	3	2	1	1600800	93.8900	2.8214	0.9873	0.9369
1	Sample 1	3	2	1	1602200	94.1600	2.8031	0.9812	0.9247
1	Sample 1	3	2	1	1603550	94.4000	2.7878	0.9812	0.9384
1	Sample 1	3	2	1	1604950	94.7300	2.7649	0.9827	0.9308
1	Sample 1	3	2	1	1606350	94.9700	2.7420	0.9796	0.9232
2	Sample 2	2	3	1	54000	71.7200	5.6947	1.2222	1.0101
2	Sample 2	2	3	2	87350	72.0900	5.7328	1.2284	1.0163
2	Sample 2	2	3	3	121000	72.0600	5.8183	1.2284	1.0086
2	Sample 2	2	3	4	154700	72.0600	5.8854	1.2375	1.0132
2	Sample 2	2	3	5	188750	72.1200	5.9464	1.2436	1.0193
2	Sample 2	2	3	6	222950	72.1400	5.9693	1.2451	1.0132
2	Sample 2	2	3	7	257400	72.1300	6.0548	1.2543	1.0193
2	Sample 2	2	3	8	291750	72.1300	6.1158	1.2543	1.0163
2	Sample 2	2	3	9	326300	72.0800	6.1769	1.2604	1.0208
2	Sample 2	2	3	10	360750	72.1600	6.2028	1.2634	1.0208
2	Sample 2	2	3	11	395200	71.9800	6.2989	1.2726	1.0254
2	Sample 2	2	3	12	429900	72.1000	6.2928	1.2741	1.0254
2	Sample 2	2	3	13	464400	72.0600	6.3325	1.2787	1.0346
2	Sample 2	2	3	14	499300	72.0900	6.3783	1.2833	1.0315
2	Sample 2	2	3	15	533800	72.1100	6.4088	1.2970	1.0376
2	Sample 2	2	3	16	568600	72.1600	6.4240	1.3046	1.0407
2	Sample 2	2	3	17	603250	72.1600	6.4363	1.3169	1.0529
2	Sample 2	2	3	18	638000	72.0900	6.5049	1.3291	1.0529
2	Sample 2	2	3	19	672650	72.0700	6.5080	1.3382	1.0590
2	Sample 2	2	3	20	707450	72.0700	6.5217	1.3458	1.0605
2	Sample 2	2	3	21	742200	71.9200	6.5583	1.3611	1.0742
2	Sample 2	2	3	22	776900	72.1800	6.4973	1.3611	1.0681
2	Sample 2	2	3	23	811850	72.0600	6.5309	1.3718	1.0758
2	Sample 2	2	3	24	846750	71.9700	6.5507	1.3779	1.0788
2	Sample 2	2	3	25	881550	72.1500	6.5156	1.3855	1.0849
2	Sample 2	2	3	26	916550	72.2100	6.4973	1.3855	1.0819
2	Sample 2	2	3	27	951400	72.0700	6.5385	1.3916	1.0834
2	Sample 2	2	3	28	986550	72.2800	6.4805	1.3962	1.0925
2	Sample 2	2	3	29	1022050	72.0400	6.5232	1.4008	1.0941
2	Sample 2	2	3	30	1057350	72.1000	6.4912	1.3962	1.0925
2	Sample 2	2	3	31	1092900	72.1000	6.4790	1.4008	1.0941
2	Sample 2	2	3	32	1128450	72.1200	6.5064	1.4023	1.0941
2	Sample 2	2	3	33	1164200	72.1200	6.5202	1.4084	1.1017
2	Sample 2	2	3	34	1200300	72.1400	6.5385	1.4084	1.1002
2	Sample 2	2	3	35	1236400	72.0900	6.6148	1.4084	1.1032
2	Sample 2	2	3	36	1272650	72.0900	6.7353	1.4130	1.0971
2	Sample 2	2	3	37	1308750	72.1100	6.9780	1.4160	1.1002
2	Sample 2	2	3	38	1345000	72.1800	7.3564	1.4237	1.1002
2	Sample 2	2	3	39	1381350	72.1300	8.1727	1.4557	1.1109
2	Sample 2	2	3	40	1417950	72.0500	9.5445	1.5045	1.1276
2	Sample 2	3	2	1	1429300	60.2000	16.1975	1.8357	1.2284
2	Sample 2	3	2	1	1430700	61.0300	16.0128	1.8112	1.2192
2	Sample 2	3	2	1	1432100	61.2900	16.1761	1.8006	1.2100
2	Sample 2	3	2	1	1433500	61.4600	16.2539	1.7929	1.2100
2	Sample 2	3	2	1	1434950	61.6200	16.2982	1.7792	1.2055
2	Sample 2	3	2	1	1436350	61.8400	16.2310	1.7685	1.1978
2	Sample 2	3	2	1	1437700	62.0000	16.1440	1.7533	1.1902
2	Sample 2	3	2	1	1439100	62.1700	16.0800	1.7441	1.1856
2	Sample 2	3	2	1	1440500	62.3500	15.9716	1.7304	1.1810
2	Sample 2	3	2	1	1441900	62.5800	15.7839	1.7166	1.1734
2	Sample 2	3	2	1	1443300	62.8400	15.5840	1.7029	1.1734
2	Sample 2	3	2	1	1444650	63.0400	15.4284	1.6907	1.1658
2	Sample 2	3	2	1	1446050	63.2400	15.2575	1.6754	1.1582
2	Sample 2	3	2	1	1447450	63.4900	15.0652	1.6632	1.1536
2	Sample 2	3	2	1	1448850	63.7100	14.8638	1.6526	1.1551
2	Sample 2	3	2	1	1450200	63.9500	14.6883	1.6358	1.1475
2	Sample 2	3	2	1	1451600	64.2200	14.4900	1.6266	1.1444
2	Sample 2	3	2	1	1453000	64.4600	14.2992	1.6144	1.1383
2	Sample 2	3	2	1	1454400	64.6500	14.1451	1.6052	1.1383
2	Sample 2	3	2	1	1455750	64.8800	13.9849	1.5961	1.1368
2	Sample 2	3	2	1	1457150	65.1800	13.7758	1.5824	1.1276
2	Sample 2	3	2	1	1458550	65.3900	13.6004	1.5732	1.1246
2	Sample 2	3	2	1	1459950	65.6500	13.3944	1.5610	1.1200
2	Sample 2	3	2	1	1461300	65.9400	13.2052	1.5518	1.1185
2	Sample 2	3	2	1	1462700	66.1700	13.0526	1.5442	1.1154
2	Sample 2	3	2	1	1464100	66.3900	12.8756	1.5320	1.1093
2	Sample 2	3	2	1	1465500	66.6600	12.6970	1.5198	1.1048
2	Sample 2	3	2	1	1466850	67.0200	12.4788	1.5106	1.1063
2	Sample 2	3	2	1	1468250	67.2000	12.3400	1.5000	1.1017
2	Sample 2	3	2	1	1469650	67.3900	12.2026	1.4954	1.0986
2	Sample 2	3	2	1	1471050	67.6200	12.0638	1.4847	1.0864
2	Sample 2	3	2	1	1472400	68.0300	11.8318	1.4740	1.0925
2	Sample 2	3	2	1	1473800	68.2500	11.6976	1.4664	1.0925
2	Sample 2	3	2	1	1475200	68.5700	11.5023	1.4557	1.0849
2	Sample 2	3	2	1	1476600	68.8700	11.3283	1.4435	1.0788
2	Sample 2	3	2	1	1477950	69.1700	11.1742	1.4343	1.0712
2	Sample 2	3	2	1	1479350	69.4100	11.0414	1.4267	1.0742
2	Sample 2	3	2	1	1480750	69.6400	10.9102	1.4191	1.0712
2	Sample 2	3	2	1	1482150	69.8800	10.7607	1.4099	1.0697
2	Sample 2	3	2	1	1483500	70.1500	10.6065	1.4023	1.0712
2	Sample 2	3	2	1	1484900	70.5200	10.4433	1.3947	1.0666
2	Sample 2	3	2	1	1486300	70.7600	10.3243	1.3901	1.0681
2	Sample 2	3	2	1	1487650	71.0500	10.1732	1.3825	1.0605
2	Sample 2	3	2	1	1489050	71.2800	10.0740	1.3748	1.0605
2	Sample 2	3	2	1	1490450	71.5300	9.9443	1.3657	1.0590
2	Sample 2	3	2	1	1491800	71.9000	9.7749	1.3535	1.0498
2	Sample 2	3	2	1	1493200	72.1600	9.6651	1.3504	1.0544
2	Sample 2	3	2	1	1494600	72.4500	9.5247	1.3428	1.0513
2	Sample 2	3	2	1	1496000	72.7500	9.3889	1.3367	1.0407
2	Sample 2	3	2	1	1497350	72.9900	9.2638	1.3260	1.0407
2	Sample 2	3	2	1	1498750	73.2300	9.1646	1.3199	1.0361
2	Sample 2	3	2	1	1500150	73.5400	9.0532	1.3138	1.0361
2	Sample 2	3	2	1	1501500	73.7800	8.9509	1.3138	1.0422
2	Sample 2	3	2	1	1502900	74.0900	8.8273	1.3046	1.0376
2	Sample 2	3	2	1	1504300	74.3600	8.7114	1.2955	1.0315
2	Sample 2	3	2	1	1505700	74.6100	8.6091	1.2879	1.0254
2	Sample 2	3	2	1	1507050	74.8600	8.5069	1.2833	1.0208
2	Sample 2	3	2	1	1508450	75.1700	8.3940	1.2802	1.0254
2	Sample 2	3	2	1	1509850	75.4700	8.2582	1.2696	1.0193
2	Sample 2	3	2	1	1511200	75.7600	8.1331	1.2665	1.0239
2	Sample 2	3	2	1	1512600	76.0500	7.9942	1.2589	1.0193
2	Sample 2	3	2	1	1514000	76.3400	7.8752	1.2512	1.0147
2	Sample 2	3	2	1	1515400	76.5900	7.7577	1.2421	1.0178
2	Sample 2	3	2	1	1516750	76.8300	7.6249	1.2375	1.0086
2	Sample 2	3	2	1	1518150	77.1100	7.4678	1.2314	1.0086
2	Sample 2	3	2	1	1519550	77.3800	7.2847	1.2177	1.0040
2	Sample 2	3	2	1	1520900	77.6700	7.1107	1.2100	1.0025
2	Sample 2	3	2	1	1522300	77.9700	6.9291	1.2009	1.0025
2	Sample 2	3	2	1	1523700	78.2800	6.7384	1.1933	0.9964
2	Sample 2	3	2	1	1525100	78.5600	6.5522	1.1856	0.9995
2	Sample 2	3	2	1	1526450	78.8400	6.3783	1.1780	0.9979
2	Sample 2	3	2	1	1527850	79.1000	6.2409	1.1749	0.9964
2	Sample 2	3	2	1	1529250	79.4000	6.1280	1.1658	0.9888
2	Sample 2	3	2	1	1530650	79.6500	6.0395	1.1582	0.9842
2	Sample 2	3	2	1	1532000	79.9300	5.9266	1.1536	0.9873
2	Sample 2	3	2	1	1533400	80.2100	5.8320	1.1521	0.9857
2	Sample 2	3	2	1	1534800	80.5100	5.7084	1.1429	0.9781
2	Sample 2	3	2	1	1536150	80.7800	5.5879	1.1353	0.9796
2	Sample 2	3	2	1	1537550	81.0600	5.4704	1.1307	0.9751
2	Sample 2	3	2	1	1538950	81.3400	5.3285	1.1246	0.9812
2	Sample 2	3	2	1	1540300	81.5800	5.1804	1.1200	0.9796
2	Sample 2	3	2	1	1541700	81.8800	5.0294	1.1078	0.9720
2	Sample 2	3	2	1	1543050	82.1900	4.9088	1.1063	0.9751
2	Sample 2	3	2	1	1544450	82.4400	4.8295	1.1002	0.9689
2	Sample 2	3	2	1	1545850	82.7400	4.7532	1.0941	0.9644
2	Sample 2	3	2	1	1547200	83.0100	4.6906	1.0895	0.9659
2	Sample 2	3	2	1	1548600	83.3200	4.6113	1.0834	0.9567
2	Sample 2	3	2	1	1550000	83.6000	4.5060	1.0834	0.9628
2	Sample 2	3	2	1	1551350	83.9000	4.3610	1.0712	0.9644
2	Sample 2	3	2	1	1552750	84.1200	4.2512	1.0697	0.9628
2	Sample 2	3	2	1	1554150	84.4400	4.1382	1.0620	0.9613
2	Sample 2	3	2	1	1555500	84.7400	3.9979	1.0575	0.9567
2	Sample 2	3	2	1	1556900	84.9900	3.8422	1.0483	0.9506
2	Sample 2	3	2	1	1558250	85.2900	3.6072	1.0422	0.9537
2	Sample 2	3	2	1	1559650	85.5100	3.4073	1.0300	0.9491
2	Sample 2	3	2	1	1561050	85.8200	3.3326	1.0254	0.9445
2	Sample 2	3	2	1	1562400	86.0500	3.3051	1.0239	0.9491
2	Sample 2	3	2	1	1563800	86.4300	3.2609	1.0193	0.9415
2	Sample 2	3	2	1	1565150	86.6900	3.2395	1.0147	0.9445
2	Sample 2	3	2	1	1566550	86.9500	3.2120	1.0117	0.9415
2	Sample 2	3	2	1	1567900	87.2100	3.1800	1.0117	0.9445
2	Sample 2	3	2	1	1569300	87.4800	3.1540	1.0101	0.9369
2	Sample 2	3	2	1	1570650	87.7600	3.1159	1.0025	0.9308
2	Sample 2	3	2	1	1572050	88.0700	3.1022	1.0071	0.9369
2	Sample 2	3	2	1	1573450	88.3300	3.0701	1.0040	0.9369
2	Sample 2	3	2	1	1574800	88.6000	3.0503	0.9995	0.9339
2	Sample 2	3	2	1	1576200	88.9100	3.0213	1.0025	0.9384
2	Sample 2	3	2	1	1577550	89.1700	2.9908	0.9949	0.9339
2	Sample 2	3	2	1	1578950	89.4500	2.9740	0.9918	0.9369
2	Sample 2	3	2	1	1580300	89.6900	2.9511	0.9949	0.9354
2	Sample 2	3	2	1	1581700	89.9800	2.9252	0.9873	0.9293
2	Sample 2	3	2	1	1583050	90.3100	2.8992	0.9888	0.9308
2	Sample 2	3	2	1	1584450	90.6600	2.8702	0.9857	0.9354
2	Sample 2	3	2	1	1585850	90.8900	2.8504	0.9842	0.9262
2	Sample 2	3	2	1	1587200	91.2300	2.8199	0.9796	0.9262
2	Sample 2	3	2	1	1588600	91.5100	2.8046	0.9812	0.9308
2	Sample 2	3	2	1	1589950	91.7500	2.7832	0.9766	0.9277
2	Sample 2	3	2	1	1591350	92.0500	2.7634	0.9705	0.9232
2	Sample 2	3	2	1	1592750	92.3200	2.7390	0.9766	0.9293
2	Sample 2	3	2	1	1594100	92.5900	2.7161	0.9735	0.9293
2	Sample 2	3	2	1	1595500	92.8800	2.6993	0.9674	0.9201
2	Sample 2	3	2	1	1596850	93.1900	2.6734	0.9659	0.9201
2	Sample 2	3	2	1	1598250	93.3900	2.6581	0.9674	0.9262
2	Sample 2	3	2	1	1599650	93.6900	2.6383	0.9659	0.9247
2	Sample 2	3	2	1	1601000	93.9700	2.6184	0.9628	0.9216
2	Sample 2	3	2	1	1602400	94.2800	2.5971	0.9598	0.9201
2	Sample 2	3	2	1	1603750	94.4700	2.5803	0.9583	0.9232
2	Sample 2	3	2	1	1605150	94.8200	2.5605	0.9567	0.9155
2	Sample 2	3	2	1	1606500	95.0300	2.5437	0.9583	0.9247
3	Sample 3	2	3	1	54150	71.7700	5.1606	1.1673	0.9857
3	Sample 3	2	3	2	87500	72.0400	5.2384	1.1765	0.9903
3	Sample 3	2	3	3	121150	72.0200	5.3223	1.1826	0.9918
3	Sample 3	2	3	4	154850	72.0300	5.3849	1.1917	0.9934
3	Sample 3	2	3	5	188900	72.1000	5.4276	1.1917	0.9888
3	Sample 3	2	3	6	223100	72.0500	5.4780	1.1994	0.9903
3	Sample 3	2	3	7	257600	72.1000	5.5467	1.2070	0.9979
3	Sample 3	2	3	8	291950	72.1000	5.6016	1.2024	0.9964
3	Sample 3	2	3	9	326500	72.0500	5.6672	1.2131	1.0040
3	Sample 3	2	3	10	360950	72.0900	5.7084	1.2192	1.0040
3	Sample 3	2	3	11	395450	71.9700	5.7847	1.2192	0.9979
3	Sample 3	2	3	12	430000	72.0500	5.7786	1.2238	1.0071
3	Sample 3	2	3	13	464600	72.0500	5.8259	1.2268	1.0025
3	Sample 3	2	3	14	499450	72.0700	5.8793	1.2390	1.0117
3	Sample 3	2	3	15	534000	72.0700	5.8869	1.2406	1.0101
3	Sample 3	2	3	16	568700	72.1400	5.9052	1.2528	1.0208
3	Sample 3	2	3	17	603450	72.1700	5.9205	1.2634	1.0224
3	Sample 3	2	3	18	638150	72.0200	5.9861	1.2726	1.0285
3	Sample 3	2	3	19	672850	72.0500	5.9968	1.2787	1.0254
3	Sample 3	2	3	20	707600	72.0300	6.0288	1.2955	1.0407
3	Sample 3	2	3	21	742350	71.9200	6.0304	1.3016	1.0437
3	Sample 3	2	3	22	777150	72.1400	6.0273	1.3062	1.0452
3	Sample 3	2	3	23	812000	72.0200	6.0441	1.3199	1.0452
3	Sample 3	2	3	24	846850	71.9100	6.0441	1.3260	1.0544
3	Sample 3	2	3	25	881800	72.0700	6.0197	1.3245	1.0513
3	Sample 3	2	3	26	916650	72.1000	5.9922	1.3321	1.0544
3	Sample 3	2	3	27	951500	72.0300	6.0304	1.3352	1.0544
3	Sample 3	2	3	28	986750	72.2400	5.9648	1.3367	1.0605
3	Sample 3	2	3	29	1022250	72.0100	6.0212	1.3413	1.0590
3	Sample 3	2	3	30	1057550	72.0400	6.0212	1.3397	1.0605
3	Sample 3	2	3	31	1093050	72.0300	6.0700	1.3504	1.0697
3	Sample 3	2	3	32	1128550	72.0800	6.1692	1.3596	1.0727
3	Sample 3	2	3	33	1164400	72.0600	6.3127	1.3581	1.0742
3	Sample 3	2	3	34	1200450	72.0800	6.5705	1.3703	1.0712
3	Sample 3	2	3	35	1236550	72.0600	7.0436	1.3886	1.0788
3	Sample 3	2	3	36	1272800	72.0700	7.8599	1.4176	1.0864
3	Sample 3	2	3	37	1308900	72.0300	9.3004	1.4725	1.1048
3	Sample 3	2	3	38	1345250	72.1800	11.5160	1.5473	1.1246
3	Sample 3	2	3	39	1381550	72.0900	15.3017	1.6815	1.1521
3	Sample 3	2	3	40	1418100	72.0200	20.8347	1.8814	1.2085
3	Sample 3	3	2	1	1429500	60.4300	33.1975	2.3667	1.3336
3	Sample 3	3	2	1	1430900	61.0600	33.5256	2.3697	1.3367
3	Sample 3	3	2	1	1432300	61.3100	34.0490	2.3743	1.3260
3	Sample 3	3	2	1	1433750	61.4800	34.5174	2.3713	1.3260
3	Sample 3	3	2	1	1435100	61.6500	34.9081	2.3789	1.3245
3	Sample 3	3	2	1	1436500	61.8700	35.0820	2.3758	1.3245
3	Sample 3	3	2	1	1437900	62.0200	35.1339	2.3682	1.3184
3	Sample 3	3	2	1	1439300	62.2000	35.1370	2.3636	1.3138
3	Sample 3	3	2	1	1440700	62.3800	35.1568	2.3575	1.3184
3	Sample 3	3	2	1	1442050	62.5900	35.0179	2.3438	1.3077
3	Sample 3	3	2	1	1443450	62.8600	34.8730	2.3377	1.3046
3	Sample 3	3	2	1	1444850	63.0800	34.6578	2.3224	1.3031
3	Sample 3	3	2	1	1446250	63.2700	34.4564	2.3056	1.2894
3	Sample 3	3	2	1	1447600	63.5100	34.2565	2.2995	1.2894
3	Sample 3	3	2	1	1449000	63.7600	33.9254	2.2797	1.2879
3	Sample 3	3	2	1	1450400	63.9900	33.7087	2.2690	1.2863
3	Sample 3	3	2	1	1451800	64.2600	33.4096	2.2553	1.2757
3	Sample 3	3	2	1	1453150	64.4900	33.1502	2.2416	1.2696
3	Sample 3	3	2	1	1454550	64.7000	32.8817	2.2263	1.2696
3	Sample 3	3	2	1	1455950	64.9100	32.6802	2.2202	1.2696
3	Sample 3	3	2	1	1457350	65.1900	32.3430	2.2034	1.2604
3	Sample 3	3	2	1	1458700	65.4200	31.9997	2.1881	1.2558
3	Sample 3	3	2	1	1460100	65.7000	31.6716	2.1714	1.2512
3	Sample 3	3	2	1	1461500	65.9600	31.3512	2.1592	1.2512
3	Sample 3	3	2	1	1462900	66.1800	31.0826	2.1439	1.2467
3	Sample 3	3	2	1	1464250	66.4300	30.7591	2.1286	1.2390
3	Sample 3	3	2	1	1465650	66.7100	30.5043	2.1195	1.2390
3	Sample 3	3	2	1	1467050	67.0600	30.0420	2.1012	1.2345
3	Sample 3	3	2	1	1468450	67.2600	29.7185	2.0859	1.2299
3	Sample 3	3	2	1	1469800	67.4400	29.5277	2.0768	1.2268
3	Sample 3	3	2	1	1471200	67.6800	29.1951	2.0600	1.2192
3	Sample 3	3	2	1	1472600	68.0700	28.7709	2.0401	1.2131
3	Sample 3	3	2	1	1474000	68.2800	28.4916	2.0310	1.2131
3	Sample 3	3	2	1	1475400	68.6200	28.1422	2.0172	1.2116
3	Sample 3	3	2	1	1476750	68.9300	27.7623	1.9989	1.2055
3	Sample 3	3	2	1	1478150	69.2100	27.4647	1.9867	1.1978
3	Sample 3	3	2	1	1479550	69.4400	27.2145	1.9776	1.1978
3	Sample 3	3	2	1	1480900	69.6700	26.9184	1.9638	1.1917
3	Sample 3	3	2	1	1482300	69.9500	26.5782	1.9486	1.1902
3	Sample 3	3	2	1	1483700	70.1800	26.3157	1.9440	1.1917
3	Sample 3	3	2	1	1485100	70.5500	25.9388	1.9242	1.1872
3	Sample 3	3	2	1	1486450	70.7700	25.7496	1.9165	1.1795
3	Sample 3	3	2	1	1487850	71.1000	25.3376	1.8982	1.1765
3	Sample 3	3	2	1	1489250	71.3100	25.1102	1.8875	1.1734
3	Sample 3	3	2	1	1490600	71.5800	24.8157	1.8753	1.1749
3	Sample 3	3	2	1	1492000	71.9500	24.4495	1.8585	1.1673
3	Sample 3	3	2	1	1493400	72.1900	24.1703	1.8448	1.1688
3	Sample 3	3	2	1	1494750	72.4900	23.9139	1.8357	1.1643
3	Sample 3	3	2	1	1496150	72.8200	23.6286	1.8235	1.1566
3	Sample 3	3	2	1	1497550	73.0600	23.2670	1.8082	1.1490
3	Sample 3	3	2	1	1498950	73.3000	23.0076	1.7945	1.1475
3	Sample 3	3	2	1	1500300	73.5600	22.7909	1.7884	1.1444
3	Sample 3	3	2	1	1501700	73.8100	22.5360	1.7762	1.1429
3	Sample 3	3	2	1	1503100	74.1200	22.2354	1.7655	1.1414
3	Sample 3	3	2	1	1504450	74.4000	21.9699	1.7548	1.1398
3	Sample 3	3	2	1	1505850	74.6600	21.7761	1.7441	1.1337
3	Sample 3	3	2	1	1507250	74.8900	21.5412	1.7380	1.1292
3	Sample 3	3	2	1	1508650	75.2200	21.2329	1.7227	1.1246
3	Sample 3	3	2	1	1510000	75.5200	20.9110	1.7075	1.1200
3	Sample 3	3	2	1	1511400	75.8000	20.7065	1.7014	1.1231
3	Sample 3	3	2	1	1512800	76.0900	20.3723	1.6892	1.1231
3	Sample 3	3	2	1	1514200	76.3800	20.1297	1.6770	1.1185
3	Sample 3	3	2	1	1515550	76.6200	19.9237	1.6693	1.1154
3	Sample 3	3	2	1	1516950	76.8700	19.7436	1.6602	1.1078
3	Sample 3	3	2	1	1518350	77.1500	19.4553	1.6495	1.1093
3	Sample 3	3	2	1	1519700	77.4300	19.2004	1.6373	1.1032
3	Sample 3	3	2	1	1521100	77.7100	18.9532	1.6297	1.1048
3	Sample 3	3	2	1	1522500	78.0200	18.6999	1.6144	1.1002
3	Sample 3	3	2	1	1523850	78.3100	18.4390	1.6037	1.0941
3	Sample 3	3	2	1	1525250	78.6000	18.1979	1.5961	1.0925
3	Sample 3	3	2	1	1526650	78.8700	17.9904	1.5885	1.0956
3	Sample 3	3	2	1	1528050	79.1400	17.7279	1.5808	1.0910
3	Sample 3	3	2	1	1529400	79.4300	17.3907	1.5671	1.0880
3	Sample 3	3	2	1	1530800	79.6800	17.0642	1.5534	1.0819
3	Sample 3	3	2	1	1532200	79.9800	16.5240	1.5320	1.0758
3	Sample 3	3	2	1	1533600	80.2500	15.9243	1.5091	1.0666
3	Sample 3	3	2	1	1534950	80.5400	15.2728	1.4862	1.0636
3	Sample 3	3	2	1	1536350	80.8300	14.5159	1.4527	1.0513
3	Sample 3	3	2	1	1537750	81.0900	13.7636	1.4237	1.0452
3	Sample 3	3	2	1	1539100	81.3900	12.9534	1.3916	1.0437
3	Sample 3	3	2	1	1540500	81.6500	12.3247	1.3672	1.0300
3	Sample 3	3	2	1	1541850	81.9300	11.8669	1.3489	1.0315
3	Sample 3	3	2	1	1543250	82.2200	11.5801	1.3397	1.0269
3	Sample 3	3	2	1	1544650	82.4800	11.3329	1.3260	1.0224
3	Sample 3	3	2	1	1546000	82.7700	11.0887	1.3153	1.0147
3	Sample 3	3	2	1	1547400	83.0500	10.8171	1.3031	1.0117
3	Sample 3	3	2	1	1548800	83.3600	10.4326	1.2879	1.0056
3	Sample 3	3	2	1	1550150	83.6400	9.8863	1.2696	1.0071
3	Sample 3	3	2	1	1551550	83.9500	9.0501	1.2375	1.0025
3	Sample 3	3	2	1	1552950	84.1700	8.2612	1.2085	0.9918
3	Sample 3	3	2	1	1554300	84.5000	7.3838	1.1704	0.9812
3	Sample 3	3	2	1	1555700	84.7800	6.1646	1.1231	0.9659
3	Sample 3	3	2	1	1557050	85.0400	4.8646	1.0681	0.9476
3	Sample 3	3	2	1	1558450	85.3400	3.7217	1.0285	0.9461
3	Sample 3	3	2	1	1559850	85.5700	3.2807	1.0071	0.9354
3	Sample 3	3	2	1	1561200	85.8500	3.2166	1.0040	0.9354
3	Sample 3	3	2	1	1562600	86.1100	3.1785	1.0010	0.9339
3	Sample 3	3	2	1	1563950	86.4600	3.1388	0.9995	0.9308
3	Sample 3	3	2	1	1565350	86.7400	3.1067	0.9995	0.9339
3	Sample 3	3	2	1	1566700	86.9700	3.0823	0.9918	0.9262
3	Sample 3	3	2	1	1568100	87.2400	3.0518	0.9934	0.9369
3	Sample 3	3	2	1	1569450	87.5100	3.0243	0.9903	0.9247
3	Sample 3	3	2	1	1570850	87.8000	2.9938	0.9857	0.9232
3	Sample 3	3	2	1	1572250	88.1100	2.9572	0.9842	0.9262
3	Sample 3	3	2	1	1573600	88.3700	2.9313	0.9812	0.9216
3	Sample 3	3	2	1	1575000	88.6500	2.8992	0.9796	0.9216
3	Sample 3	3	2	1	1576350	88.9400	2.8672	0.9796	0.9277
3	Sample 3	3	2	1	1577750	89.2200	2.8428	0.9751	0.9232
3	Sample 3	3	2	1	1579100	89.5000	2.8214	0.9705	0.9262
3	Sample 3	3	2	1	1580500	89.7400	2.7909	0.9735	0.9247
3	Sample 3	3	2	1	1581900	90.0200	2.7695	0.9659	0.9171
3	Sample 3	3	2	1	1583250	90.3400	2.7405	0.9705	0.9232
3	Sample 3	3	2	1	1584650	90.7000	2.7131	0.9689	0.9201
3	Sample 3	3	2	1	1586000	90.9400	2.6871	0.9613	0.9140
3	Sample 3	3	2	1	1587400	91.2600	2.6658	0.9598	0.9140
3	Sample 3	3	2	1	1588750	91.5500	2.6368	0.9598	0.9201
3	Sample 3	3	2	1	1590150	91.8000	2.6123	0.9537	0.9110
3	Sample 3	3	2	1	1591550	92.0900	2.5895	0.9522	0.9110
3	Sample 3	3	2	1	1592900	92.3700	2.5727	0.9522	0.9171
3	Sample 3	3	2	1	1594300	92.6300	2.5437	0.9476	0.9140
3	Sample 3	3	2	1	1595650	92.9200	2.5223	0.9461	0.9064
3	Sample 3	3	2	1	1597050	93.2200	2.5025	0.9461	0.9094
3	Sample 3	3	2	1	1598450	93.4200	2.4887	0.9461	0.9140
3	Sample 3	3	2	1	1599800	93.7500	2.4567	0.9400	0.9094
3	Sample 3	3	2	1	1601200	94.0200	2.4369	0.9400	0.9064
3	Sample 3	3	2	1	1602550	94.3300	2.4216	0.9384	0.9079
3	Sample 3	3	2	1	1603950	94.5300	2.4048	0.9384	0.9094
3	Sample 3	3	2	1	1605300	94.8300	2.3819	0.9339	0.9033
3	Sample 3	3	2	1	1606700	95.1100	2.3651	0.9369	0.9140
4	Sample 4	2	3	1	54350	71.7800	5.2598	1.1688	0.9812
4	Sample 4	2	3	2	87700	71.9700	5.3239	1.1749	0.9857
4	Sample 4	2	3	3	121300	71.9700	5.3895	1.1810	0.9857
4	Sample 4	2	3	4	155050	71.9800	5.4353	1.1841	0.9873
4	Sample 4	2	3	5	189050	72.0500	5.4902	1.1872	0.9873
4	Sample 4	2	3	6	223250	71.9500	5.5329	1.1887	0.9873
4	Sample 4	2	3	7	257800	72.0500	5.6001	1.1948	0.9949
4	Sample 4	2	3	8	292100	72.0600	5.6458	1.1933	0.9857
4	Sample 4	2	3	9	326650	72.0100	5.6809	1.1948	0.9873
4	Sample 4	2	3	10	361100	72.0000	5.7160	1.1948	0.9903
4	Sample 4	2	3	11	395600	71.9800	5.7755	1.2009	0.9873
4	Sample 4	2	3	12	430200	71.9800	5.7847	1.1963	0.9934
4	Sample 4	2	3	13	464800	72.0100	5.8061	1.1994	0.9903
4	Sample 4	2	3	14	499600	72.0200	5.8335	1.2009	0.9949
4	Sample 4	2	3	15	534150	72.0200	5.8564	1.2024	0.9873
4	Sample 4	2	3	16	568900	72.0900	5.8747	1.2039	0.9949
4	Sample 4	2	3	17	603600	72.1200	5.8854	1.2085	0.9964
4	Sample 4	2	3	18	638300	71.9400	5.9571	1.2146	0.9995
4	Sample 4	2	3	19	673000	72.0400	5.9449	1.2085	0.9934
4	Sample 4	2	3	20	707800	71.9600	5.9968	1.2085	0.9949
4	Sample 4	2	3	21	742500	71.9600	6.0075	1.2116	0.9979
4	Sample 4	2	3	22	777300	72.0200	6.0182	1.2116	0.9949
4	Sample 4	2	3	23	812200	72.0000	6.0426	1.2131	0.9979
4	Sample 4	2	3	24	847050	71.8700	6.0838	1.2192	1.0010
4	Sample 4	2	3	25	881950	71.9300	6.1158	1.2161	0.9934
4	Sample 4	2	3	26	916850	72.0300	6.1295	1.2222	0.9979
4	Sample 4	2	3	27	951700	72.0200	6.2303	1.2268	0.9979
4	Sample 4	2	3	28	986900	72.1600	6.2852	1.2284	1.0056
4	Sample 4	2	3	29	1022400	71.9700	6.5141	1.2390	1.0101
4	Sample 4	2	3	30	1057700	71.9900	6.7979	1.2497	1.0101
4	Sample 4	2	3	31	1093200	71.9500	7.3274	1.2787	1.0239
4	Sample 4	2	3	32	1128750	72.0300	8.2170	1.3138	1.0315
4	Sample 4	2	3	33	1164550	72.0200	9.7185	1.3687	1.0483
4	Sample 4	2	3	34	1200650	72.0100	12.1828	1.4649	1.0681
4	Sample 4	2	3	35	1236700	71.9800	16.0571	1.6129	1.1170
4	Sample 4	2	3	36	1272950	72.0100	21.7136	1.8235	1.1597
4	Sample 4	2	3	37	1309050	71.9700	29.2271	2.1057	1.2375
4	Sample 4	2	3	38	1345400	72.0500	37.4029	2.4079	1.3123
4	Sample 4	2	3	39	1381700	72.0000	45.1774	2.6902	1.3794
4	Sample 4	2	3	40	1418300	72.0100	51.2047	2.9068	1.4343
4	Sample 4	3	2	1	1429650	60.7600	79.7238	3.8712	1.6526
4	Sample 4	3	2	1	1431050	61.1400	79.9924	3.8514	1.6388
4	Sample 4	3	2	1	1432500	61.3300	80.8118	3.8666	1.6403
4	Sample 4	3	2	1	1433900	61.5000	81.1505	3.8651	1.6342
4	Sample 4	3	2	1	1435250	61.6800	81.4878	3.8727	1.6403
4	Sample 4	3	2	1	1436650	61.8900	81.2116	3.8514	1.6297
4	Sample 4	3	2	1	1438050	62.0400	81.8082	3.8727	1.6373
4	Sample 4	3	2	1	1439450	62.2300	81.8448	3.8727	1.6358
4	Sample 4	3	2	1	1440850	62.4200	82.1134	3.8804	1.6342
4	Sample 4	3	2	1	1442200	62.6300	81.9684	3.8712	1.6342
4	Sample 4	3	2	1	1443600	62.8800	81.6953	3.8621	1.6342
4	Sample 4	3	2	1	1445000	63.1000	81.7380	3.8575	1.6297
4	Sample 4	3	2	1	1446400	63.3000	81.5305	3.8544	1.6297
4	Sample 4	3	2	1	1447750	63.5500	81.3748	3.8499	1.6312
4	Sample 4	3	2	1	1449150	63.8000	80.9323	3.8300	1.6266
4	Sample 4	3	2	1	1450550	64.0300	80.8225	3.8270	1.6236
4	Sample 4	3	2	1	1451950	64.2900	80.4181	3.8148	1.6205
4	Sample 4	3	2	1	1453350	64.5000	80.1831	3.8071	1.6220
4	Sample 4	3	2	1	1454700	64.7300	79.6948	3.7873	1.6190
4	Sample 4	3	2	1	1456100	64.9300	79.4858	3.7842	1.6190
4	Sample 4	3	2	1	1457500	65.2000	79.0127	3.7705	1.6068
4	Sample 4	3	2	1	1458900	65.4600	78.5611	3.7537	1.6114
4	Sample 4	3	2	1	1460250	65.7400	77.8256	3.7263	1.6052
4	Sample 4	3	2	1	1461650	65.9900	77.5174	3.7217	1.6068
4	Sample 4	3	2	1	1463050	66.2000	76.9177	3.6957	1.5946
4	Sample 4	3	2	1	1464450	66.4700	76.3149	3.6759	1.5885
4	Sample 4	3	2	1	1465800	66.7500	75.7122	3.6576	1.5900
4	Sample 4	3	2	1	1467200	67.0900	74.9447	3.6332	1.5869
4	Sample 4	3	2	1	1468600	67.3200	74.4457	3.6149	1.5793
4	Sample 4	3	2	1	1470000	67.5100	73.9773	3.5981	1.5717
4	Sample 4	3	2	1	1471350	67.7700	73.4417	3.5828	1.5702
4	Sample 4	3	2	1	1472750	68.1100	72.5597	3.5508	1.5686
4	Sample 4	3	2	1	1474150	68.3300	72.1675	3.5401	1.5610
4	Sample 4	3	2	1	1475550	68.6500	71.3314	3.5142	1.5534
4	Sample 4	3	2	1	1476900	68.9700	70.5196	3.4821	1.5457
4	Sample 4	3	2	1	1478300	69.2500	69.9977	3.4638	1.5412
4	Sample 4	3	2	1	1479700	69.4800	69.4438	3.4501	1.5457
4	Sample 4	3	2	1	1481050	69.7100	68.8121	3.4257	1.5396
4	Sample 4	3	2	1	1482450	70.0400	67.9652	3.3997	1.5351
4	Sample 4	3	2	1	1483850	70.2500	67.3213	3.3738	1.5244
4	Sample 4	3	2	1	1485250	70.5800	66.6728	3.3585	1.5198
4	Sample 4	3	2	1	1486600	70.7800	66.1814	3.3402	1.5183
4	Sample 4	3	2	1	1488000	71.1200	65.3651	3.3082	1.5122
4	Sample 4	3	2	1	1489400	71.3500	64.9012	3.2959	1.5106
4	Sample 4	3	2	1	1490750	71.6100	64.3473	3.2731	1.5030
4	Sample 4	3	2	1	1492150	71.9700	63.4623	3.2441	1.4923
4	Sample 4	3	2	1	1493550	72.2200	62.7909	3.2242	1.4923
4	Sample 4	3	2	1	1494900	72.5100	62.3087	3.2059	1.4847
4	Sample 4	3	2	1	1496300	72.8500	61.4511	3.1785	1.4801
4	Sample 4	3	2	1	1497700	73.1100	60.7904	3.1556	1.4740
4	Sample 4	3	2	1	1499100	73.3700	60.3098	3.1388	1.4740
4	Sample 4	3	2	1	1500450	73.5700	59.9039	3.1281	1.4740
4	Sample 4	3	2	1	1501850	73.8300	59.0982	3.1006	1.4633
4	Sample 4	3	2	1	1503250	74.1400	58.4360	3.0732	1.4557
4	Sample 4	3	2	1	1504650	74.4300	57.9232	3.0610	1.4511
4	Sample 4	3	2	1	1506000	74.6800	57.1283	3.0259	1.4435
4	Sample 4	3	2	1	1507400	74.9200	56.7498	3.0198	1.4435
4	Sample 4	3	2	1	1508800	75.2700	55.9655	2.9877	1.4389
4	Sample 4	3	2	1	1510150	75.5600	55.3643	2.9725	1.4359
4	Sample 4	3	2	1	1511550	75.8500	54.9142	2.9587	1.4359
4	Sample 4	3	2	1	1512950	76.1400	54.0047	2.9221	1.4160
4	Sample 4	3	2	1	1514350	76.4100	53.4401	2.9038	1.4130
4	Sample 4	3	2	1	1515700	76.6400	53.0358	2.8885	1.4099
4	Sample 4	3	2	1	1517100	76.9000	52.4636	2.8687	1.4084
4	Sample 4	3	2	1	1518500	77.1800	51.7052	2.8428	1.3993
4	Sample 4	3	2	1	1519850	77.4700	51.1727	2.8214	1.3962
4	Sample 4	3	2	1	1521250	77.7500	50.5364	2.7985	1.3870
4	Sample 4	3	2	1	1522650	78.0700	49.8833	2.7787	1.3840
4	Sample 4	3	2	1	1524050	78.3400	49.3217	2.7619	1.3855
4	Sample 4	3	2	1	1525400	78.6200	48.4825	2.7298	1.3809
4	Sample 4	3	2	1	1526800	78.9000	47.7699	2.7054	1.3703
4	Sample 4	3	2	1	1528200	79.1700	46.8223	2.6688	1.3581
4	Sample 4	3	2	1	1529550	79.4600	45.4429	2.6169	1.3443
4	Sample 4	3	2	1	1530950	79.7200	43.8071	2.5605	1.3306
4	Sample 4	3	2	1	1532350	80.0000	41.6892	2.4811	1.3153
4	Sample 4	3	2	1	1533750	80.3000	39.4385	2.3987	1.2894
4	Sample 4	3	2	1	1535100	80.5700	37.4289	2.3301	1.2772
4	Sample 4	3	2	1	1536500	80.8700	35.8297	2.2644	1.2589
4	Sample 4	3	2	1	1537900	81.1200	34.8074	2.2263	1.2467
4	Sample 4	3	2	1	1539250	81.4200	33.7789	2.1851	1.2360
4	Sample 4	3	2	1	1540650	81.7000	33.0938	2.1592	1.2253
4	Sample 4	3	2	1	1542050	81.9700	32.5475	2.1408	1.2253
4	Sample 4	3	2	1	1543400	82.2600	31.8639	2.1149	1.2192
4	Sample 4	3	2	1	1544800	82.5200	31.1604	2.0905	1.2131
4	Sample 4	3	2	1	1546150	82.8000	30.3441	2.0600	1.2100
4	Sample 4	3	2	1	1547550	83.0800	29.1051	2.0111	1.1933
4	Sample 4	3	2	1	1548950	83.3900	27.3320	1.9440	1.1765
4	Sample 4	3	2	1	1550300	83.6700	24.5869	1.8387	1.1475
4	Sample 4	3	2	1	1551700	83.9700	20.6851	1.6831	1.1063
4	Sample 4	3	2	1	1553100	84.2200	16.4477	1.5274	1.0742
4	Sample 4	3	2	1	1554450	84.5600	11.4214	1.3336	1.0224
4	Sample 4	3	2	1	1555850	84.8300	7.3335	1.1719	0.9873
4	Sample 4	3	2	1	1557250	85.0900	5.2201	1.0880	0.9598
4	Sample 4	3	2	1	1558600	85.4000	4.3580	1.0529	0.9461
4	Sample 4	3	2	1	1560000	85.6400	4.2039	1.0452	0.9522
4	Sample 4	3	2	1	1561350	85.9000	4.1413	1.0437	0.9430
4	Sample 4	3	2	1	1562750	86.1600	4.0681	1.0391	0.9461
4	Sample 4	3	2	1	1564100	86.4800	3.9933	1.0346	0.9415
4	Sample 4	3	2	1	1565500	86.7500	3.9338	1.0300	0.9445
4	Sample 4	3	2	1	1566850	86.9900	3.8880	1.0285	0.9430
4	Sample 4	3	2	1	1568250	87.2700	3.8193	1.0224	0.9354
4	Sample 4	3	2	1	1569600	87.5300	3.7736	1.0224	0.9415
4	Sample 4	3	2	1	1571000	87.8400	3.7110	1.0178	0.9384
4	Sample 4	3	2	1	1572400	88.1500	3.6500	1.0117	0.9308
4	Sample 4	3	2	1	1573750	88.4100	3.6072	1.0117	0.9354
4	Sample 4	3	2	1	1575150	88.7100	3.5599	1.0086	0.9369
4	Sample 4	3	2	1	1576500	88.9800	3.5111	1.0010	0.9323
4	Sample 4	3	2	1	1577900	89.2600	3.4653	1.0010	0.9384
4	Sample 4	3	2	1	1579250	89.5300	3.4241	0.9964	0.9262
4	Sample 4	3	2	1	1580650	89.7900	3.3814	0.9949	0.9277
4	Sample 4	3	2	1	1582050	90.0500	3.3509	0.9949	0.9293
4	Sample 4	3	2	1	1583400	90.3300	3.3082	0.9888	0.9247
4	Sample 4	3	2	1	1584800	90.7100	3.2502	0.9873	0.9262
4	Sample 4	3	2	1	1586150	90.9800	3.2181	0.9827	0.9232
4	Sample 4	3	2	1	1587550	91.2800	3.1739	0.9781	0.9216
4	Sample 4	3	2	1	1588950	91.5900	3.1327	0.9751	0.9216
4	Sample 4	3	2	1	1590300	91.8500	3.1006	0.9751	0.9247
4	Sample 4	3	2	1	1591700	92.1300	3.0640	0.9735	0.9216
4	Sample 4	3	2	1	1593050	92.4200	3.0243	0.9674	0.9171
4	Sample 4	3	2	1	1594450	92.6800	2.9984	0.9674	0.9232
4	Sample 4	3	2	1	1595800	92.9700	2.9633	0.9659	0.9216
4	Sample 4	3	2	1	1597200	93.2500	2.9389	0.9628	0.9140
4	Sample 4	3	2	1	1598600	93.4400	2.9068	0.9613	0.9140
4	Sample 4	3	2	1	1599950	93.7800	2.8687	0.9598	0.9186
4	Sample 4	3	2	1	1601350	94.0500	2.8397	0.9567	0.9186
4	Sample 4	3	2	1	1602700	94.3400	2.8092	0.9537	0.9094
4	Sample 4	3	2	1	1604100	94.5700	2.7832	0.9522	0.9171
4	Sample 4	3	2	1	1605500	94.8400	2.7512	0.9491	0.9079
4	Sample 4	3	2	1	1606850	95.2100	2.7100	0.9476	0.9079
